4.0000000000e+00  
8.3333333333e-02 1.0000000000e+00 1.5770424540e-21 1.0000000000e+00 0.0000000000e+00 0.0000000000e+00 
2.5000000000e-01 1.0000000000e+00 3.3821419477e-20 1.0000000000e+00 0.0000000000e+00 0.0000000000e+00 
4.1666666667e-01 1.0000000000e+00 8.7079196515e-19 1.0000000000e+00 0.0000000000e+00 0.0000000000e+00 
5.8333333333e-01 1.0000000000e+00 1.9258390976e-17 1.0000000000e+00 0.0000000000e+00 0.0000000000e+00 
7.5000000000e-01 1.0000000000e+00 2.8899554153e-16 1.0000000000e+00 0.0000000000e+00 0.0000000000e+00 
9.1666666667e-01 1.0000000000e+00 1.3811297666e-15 1.0000000000e+00 0.0000000000e+00 0.0000000000e+00 
1.0833333333e+00 1.0000000000e+00 4.6519027563e-15 1.0000000000e+00 0.0000000000e+00 0.0000000000e+00 
1.2500000000e+00 1.0000000000e+00 1.5569100650e-14 1.0000000000e+00 0.0000000000e+00 0.0000000000e+00 
1.4166666667e+00 1.0000000000e+00 5.0386508284e-14 1.0000000000e+00 0.0000000000e+00 0.0000000000e+00 
1.5833333333e+00 1.0000000000e+00 1.6136530938e-13 1.0000000000e+00 0.0000000000e+00 0.0000000000e+00 
1.7500000000e+00 1.0000000000e+00 5.0774585227e-13 1.0000000000e+00 0.0000000000e+00 0.0000000000e+00 
1.9166666667e+00 1.0000000000e+00 1.5697838304e-12 1.0000000000e+00 0.0000000000e+00 0.0000000000e+00 
2.0833333333e+00 1.0000000000e+00 4.7623369267e-12 1.0000000000e+00 0.0000000000e+00 0.0000000000e+00 
2.2500000000e+00 1.0000000000e+00 1.4170361704e-11 1.0000000000e+00 0.0000000000e+00 0.0000000000e+00 
2.4166666667e+00 9.9999999999e-01 4.1348689535e-11 9.9999999999e-01 0.0000000000e+00 0.0000000000e+00 
2.5833333333e+00 9.9999999996e-01 1.1829418253e-10 9.9999999996e-01 0.0000000000e+00 0.0000000000e+00 
2.7500000000e+00 9.9999999989e-01 3.3173085978e-10 9.9999999989e-01 0.0000000000e+00 0.0000000000e+00 
2.9166666667e+00 9.9999999971e-01 9.1162726661e-10 9.9999999971e-01 0.0000000000e+00 0.0000000000e+00 
3.0833333333e+00 9.9999999922e-01 2.4543648541e-09 9.9999999922e-01 0.0000000000e+00 0.0000000000e+00 
3.2500000000e+00 9.9999999793e-01 6.4718077592e-09 9.9999999793e-01 0.0000000000e+00 0.0000000000e+00 
3.4166666667e+00 9.9999999466e-01 1.6708691747e-08 9.9999999466e-01 0.0000000000e+00 0.0000000000e+00 
3.5833333333e+00 9.9999998651e-01 4.2222674394e-08 9.9999998651e-01 0.0000000000e+00 0.0000000000e+00 
3.7500000000e+00 9.9999996665e-01 1.0439535026e-07 9.9999996665e-01 0.0000000000e+00 0.0000000000e+00 
3.9166666667e+00 9.9999991936e-01 2.5245433568e-07 9.9999991936e-01 0.0000000000e+00 0.0000000000e+00 
4.0833333333e+00 9.9999980936e-01 5.9685945127e-07 9.9999980936e-01 0.0000000000e+00 0.0000000000e+00 
4.2500000000e+00 9.9999955954e-01 1.3789731206e-06 9.9999955954e-01 0.0000000000e+00 0.0000000000e+00 
4.4166666667e+00 9.9999900602e-01 3.1118938731e-06 9.9999900602e-01 0.0000000000e+00 0.0000000000e+00 
4.5833333333e+00 9.9999781021e-01 6.8556965390e-06 9.9999781021e-01 0.0000000000e+00 0.0000000000e+00 
4.7500000000e+00 9.9999529305e-01 1.4736295514e-05 9.9999529305e-01 0.0000000000e+00 0.0000000000e+00 
4.9166666667e+00 9.9999013460e-01 3.0886172496e-05 9.9999013460e-01 0.0000000000e+00 0.0000000000e+00 
5.0833333333e+00 9.9997985201e-01 6.3078656482e-05 9.9997985201e-01 0.0000000000e+00 0.0000000000e+00 
5.2500000000e+00 9.9995993490e-01 1.2543506732e-04 9.9995993490e-01 0.0000000000e+00 0.0000000000e+00 
5.4166666667e+00 9.9992248904e-01 2.4267207929e-04 9.9992248904e-01 0.0000000000e+00 0.0000000000e+00 
5.5833333333e+00 9.9985424017e-01 4.5635379354e-04 9.9985424017e-01 0.0000000000e+00 0.0000000000e+00 
5.7500000000e+00 9.9973381812e-01 8.3340257694e-04 9.9973381812e-01 0.0000000000e+00 0.0000000000e+00 
5.9166666667e+00 9.9952842227e-01 1.4765595839e-03 9.9952842227e-01 0.0000000000e+00 0.0000000000e+00 
6.0833333333e+00 9.9919029899e-01 2.5354639373e-03 9.9919029899e-01 0.0000000000e+00 0.0000000000e+00 
6.2500000000e+00 9.9865391721e-01 4.2156072115e-03 9.9865391721e-01 0.0000000000e+00 0.0000000000e+00 
6.4166666667e+00 9.9783517695e-01 6.7810312259e-03 9.9783517695e-01 0.0000000000e+00 0.0000000000e+00 
6.5833333333e+00 9.9663415617e-01 1.0546109239e-02 9.9663415617e-01 0.0000000000e+00 0.0000000000e+00 
6.7500000000e+00 9.9494245852e-01 1.5853111362e-02 9.9494245852e-01 0.0000000000e+00 0.0000000000e+00 
6.9166666667e+00 9.9265498612e-01 2.3036052698e-02 9.9265498612e-01 0.0000000000e+00 0.0000000000e+00 
7.0833333333e+00 9.8968417969e-01 3.2376781605e-02 9.8968417969e-01 0.0000000000e+00 0.0000000000e+00 
7.2500000000e+00 9.8597321239e-01 4.4064034405e-02 9.8597321239e-01 0.0000000000e+00 0.0000000000e+00 
7.4166666667e+00 9.8150424140e-01 5.8167396407e-02 9.8150424140e-01 0.0000000000e+00 0.0000000000e+00 
7.5833333333e+00 9.7629905936e-01 7.4634419029e-02 9.7629905936e-01 0.0000000000e+00 0.0000000000e+00 
7.7500000000e+00 9.7041182986e-01 9.3312106947e-02 9.7041182986e-01 0.0000000000e+00 0.0000000000e+00 
7.9166666667e+00 9.6391577994e-01 1.1398738513e-01 9.6391577994e-01 0.0000000000e+00 0.0000000000e+00 
8.0833333333e+00 9.5688663045e-01 1.3643839719e-01 9.5688663045e-01 0.0000000000e+00 0.0000000000e+00 
8.2500000000e+00 9.4938364549e-01 1.6049448298e-01 9.4938364549e-01 0.0000000000e+00 0.0000000000e+00 
8.4166666667e+00 9.4149051012e-01 1.8590418260e-01 9.4149051012e-01 0.0000000000e+00 0.0000000000e+00 
8.5833333333e+00 9.3351121965e-01 2.1170048520e-01 9.3351121965e-01 0.0000000000e+00 0.0000000000e+00 
8.7500000000e+00 9.2552582585e-01 2.3762873152e-01 9.2552582585e-01 0.0000000000e+00 0.0000000000e+00 
8.9166666667e+00 9.1754472808e-01 2.6365579525e-01 9.1754472808e-01 0.0000000000e+00 0.0000000000e+00 
9.0833333333e+00 9.0957329356e-01 2.8976427677e-01 9.0957329356e-01 0.0000000000e+00 0.0000000000e+00 
9.2500000000e+00 9.0161534886e-01 3.1594294964e-01 9.0161534886e-01 0.0000000000e+00 0.0000000000e+00 
9.4166666667e+00 8.9367376910e-01 3.4218331652e-01 8.9367376910e-01 0.0000000000e+00 0.0000000000e+00 
9.5833333333e+00 8.8575074920e-01 3.6847864808e-01 8.8575074920e-01 0.0000000000e+00 0.0000000000e+00 
9.7500000000e+00 8.7784808488e-01 3.9482378690e-01 8.7784808488e-01 0.0000000000e+00 0.0000000000e+00 
9.9166666667e+00 8.6996723107e-01 4.2121457805e-01 8.6996723107e-01 0.0000000000e+00 0.0000000000e+00 
1.0083333333e+01 8.6210937118e-01 4.4764756322e-01 8.6210937118e-01 0.0000000000e+00 0.0000000000e+00 
1.0250000000e+01 8.5427551378e-01 4.7411992432e-01 8.5427551378e-01 0.0000000000e+00 0.0000000000e+00 
1.0416666667e+01 8.4646651971e-01 5.0062930330e-01 8.4646651971e-01 0.0000000000e+00 0.0000000000e+00 
1.0583333333e+01 8.3868312491e-01 5.2717368118e-01 8.3868312491e-01 0.0000000000e+00 0.0000000000e+00 
1.0750000000e+01 8.3092597391e-01 5.5375134550e-01 8.3092597391e-01 0.0000000000e+00 0.0000000000e+00 
1.0916666667e+01 8.2319563179e-01 5.8036082045e-01 8.2319563179e-01 0.0000000000e+00 0.0000000000e+00 
1.1083333333e+01 8.1549259462e-01 6.0700081671e-01 8.1549259462e-01 0.0000000000e+00 0.0000000000e+00 
1.1250000000e+01 8.0781730593e-01 6.3367022026e-01 8.0781730593e-01 0.0000000000e+00 0.0000000000e+00 
1.1416666667e+01 8.0017016449e-01 6.6036806452e-01 8.0017016449e-01 0.0000000000e+00 0.0000000000e+00 
1.1583333333e+01 7.9255152845e-01 6.8709349947e-01 7.9255152845e-01 0.0000000000e+00 0.0000000000e+00 
1.1750000000e+01 7.8496172219e-01 7.1384577751e-01 7.8496172219e-01 0.0000000000e+00 0.0000000000e+00 
1.1916666667e+01 7.7740104167e-01 7.4062423985e-01 7.7740104167e-01 0.0000000000e+00 0.0000000000e+00 
1.2083333333e+01 7.6986975811e-01 7.6742830136e-01 7.6986975811e-01 0.0000000000e+00 0.0000000000e+00 
1.2250000000e+01 7.6236812181e-01 7.9425743985e-01 7.6236812181e-01 0.0000000000e+00 0.0000000000e+00 
1.2416666667e+01 7.5489636553e-01 8.2111118621e-01 7.5489636553e-01 0.0000000000e+00 0.0000000000e+00 
1.2583333333e+01 7.4745470711e-01 8.4798911467e-01 7.4745470711e-01 0.0000000000e+00 0.0000000000e+00 
1.2750000000e+01 7.4004335218e-01 8.7489083542e-01 7.4004335218e-01 0.0000000000e+00 0.0000000000e+00 
1.2916666667e+01 7.3266249656e-01 9.0181598793e-01 7.3266249656e-01 0.0000000000e+00 0.0000000000e+00 
1.3083333333e+01 7.2531232831e-01 9.2876423455e-01 7.2531232831e-01 0.0000000000e+00 0.0000000000e+00 
1.3250000000e+01 7.1799302957e-01 9.5573525503e-01 7.1799302957e-01 0.0000000000e+00 0.0000000000e+00 
1.3416666667e+01 7.1070477813e-01 9.8272874137e-01 7.1070477813e-01 0.0000000000e+00 0.0000000000e+00 
1.3583333333e+01 7.0344774858e-01 1.0097443924e+00 7.0344774858e-01 0.0000000000e+00 0.0000000000e+00 
1.3750000000e+01 6.9622211323e-01 1.0367819085e+00 6.9622211323e-01 0.0000000000e+00 0.0000000000e+00 
1.3916666667e+01 6.8902804286e-01 1.0638409872e+00 6.8902804286e-01 0.0000000000e+00 0.0000000000e+00 
1.4083333333e+01 6.8186570757e-01 1.0909213195e+00 6.8186570757e-01 0.0000000000e+00 0.0000000000e+00 
1.4250000000e+01 6.7473527766e-01 1.1180225886e+00 6.7473527766e-01 0.0000000000e+00 0.0000000000e+00 
1.4416666667e+01 6.6763692461e-01 1.1451444682e+00 6.6763692461e-01 0.0000000000e+00 0.0000000000e+00 
1.4583333333e+01 6.6057082159e-01 1.1722866222e+00 6.6057082159e-01 0.0000000000e+00 0.0000000000e+00 
1.4750000000e+01 6.5353714368e-01 1.1994487022e+00 6.5353714368e-01 0.0000000000e+00 0.0000000000e+00 
1.4916666667e+01 6.4653606777e-01 1.2266303458e+00 6.4653606777e-01 0.0000000000e+00 0.0000000000e+00 
1.5083333333e+01 6.3956777242e-01 1.2538311756e+00 6.3956777242e-01 0.0000000000e+00 0.0000000000e+00 
1.5250000000e+01 6.3263243776e-01 1.2810507979e+00 6.3263243776e-01 0.0000000000e+00 0.0000000000e+00 
1.5416666667e+01 6.2573024547e-01 1.3082888038e+00 6.2573024547e-01 0.0000000000e+00 0.0000000000e+00 
1.5583333333e+01 6.1886137863e-01 1.3355447694e+00 6.1886137863e-01 0.0000000000e+00 0.0000000000e+00 
1.5750000000e+01 6.1202602152e-01 1.3628182564e+00 6.1202602152e-01 0.0000000000e+00 0.0000000000e+00 
1.5916666667e+01 6.0522435932e-01 1.3901088122e+00 6.0522435932e-01 0.0000000000e+00 0.0000000000e+00 
1.6083333333e+01 5.9845657797e-01 1.4174159712e+00 5.9845657797e-01 0.0000000000e+00 0.0000000000e+00 
1.6250000000e+01 5.9172286407e-01 1.4447392545e+00 5.9172286407e-01 0.0000000000e+00 0.0000000000e+00 
1.6416666667e+01 5.8502340505e-01 1.4720781708e+00 5.8502340505e-01 0.0000000000e+00 0.0000000000e+00 
1.6583333333e+01 5.7835838938e-01 1.4994322155e+00 5.7835838938e-01 0.0000000000e+00 0.0000000000e+00 
1.6750000000e+01 5.7172800706e-01 1.5268008678e+00 5.7172800706e-01 0.0000000000e+00 0.0000000000e+00 
1.6916666667e+01 5.6513245042e-01 1.5541835871e+00 5.6513245042e-01 0.0000000000e+00 0.0000000000e+00 
1.7083333333e+01 5.5857191523e-01 1.5815798057e+00 5.5857191523e-01 0.0000000000e+00 0.0000000000e+00 
1.7250000000e+01 5.5204660254e-01 1.6089889190e+00 5.5204660254e-01 0.0000000000e+00 0.0000000000e+00 
1.7416666667e+01 5.4555672118e-01 1.6364102728e+00 5.4555672118e-01 0.0000000000e+00 0.0000000000e+00 
1.7583333333e+01 5.3910249137e-01 1.6638431462e+00 5.3910249137e-01 0.0000000000e+00 0.0000000000e+00 
1.7750000000e+01 5.3268414936e-01 1.6912867311e+00 5.3268414936e-01 0.0000000000e+00 0.0000000000e+00 
1.7916666667e+01 5.2630195323e-01 1.7187401066e+00 5.2630195323e-01 0.0000000000e+00 0.0000000000e+00 
1.8083333333e+01 5.1995618980e-01 1.7462022066e+00 5.1995618980e-01 0.0000000000e+00 0.0000000000e+00 
1.8250000000e+01 5.1364718254e-01 1.7736717809e+00 5.1364718254e-01 0.0000000000e+00 0.0000000000e+00 
1.8416666667e+01 5.0737530068e-01 1.8011473481e+00 5.0737530068e-01 0.0000000000e+00 0.0000000000e+00 
1.8583333333e+01 5.0114096957e-01 1.8286271411e+00 5.0114096957e-01 0.0000000000e+00 0.0000000000e+00 
1.8750000000e+01 4.9494468242e-01 1.8561090454e+00 4.9494468242e-01 0.0000000000e+00 0.0000000000e+00 
1.8916666667e+01 4.8878701200e-01 1.8835905346e+00 4.8878701200e-01 0.0000000000e+00 0.0000000000e+00 
1.9083333333e+01 4.8266861567e-01 1.9110686349e+00 4.8266861567e-01 0.0000000000e+00 0.0000000000e+00 
1.9250000000e+01 4.7659020252e-01 1.9385400561e+00 4.7659020252e-01 0.0000000000e+00 0.0000000000e+00 
1.9416666667e+01 4.7055233040e-01 1.9660020893e+00 4.7055233040e-01 0.0000000000e+00 0.0000000000e+00 
1.9583333333e+01 4.6455446212e-01 1.9934568779e+00 4.6455446212e-01 0.0000000000e+00 0.0000000000e+00 
1.9750000000e+01 4.5859065334e-01 2.0209310668e+00 4.5859065334e-01 0.0000000000e+00 0.0000000000e+00 
1.9916666667e+01 4.5262843523e-01 2.0485774723e+00 4.5262843523e-01 0.0000000000e+00 0.0000000000e+00 
2.0083333333e+01 4.4646746618e-01 2.0773364417e+00 4.4646746618e-01 0.0000000000e+00 0.0000000000e+00 
2.0250000000e+01 4.3649166780e-01 2.1243395460e+00 4.3649166780e-01 0.0000000000e+00 0.0000000000e+00 
2.0416666667e+01 4.3106155800e-01 2.1501414232e+00 4.3106155800e-01 0.0000000000e+00 0.0000000000e+00 
2.0583333333e+01 4.2526949329e-01 2.1778427711e+00 4.2526949329e-01 0.0000000000e+00 0.0000000000e+00 
2.0750000000e+01 4.1947152451e-01 2.2057649762e+00 4.1947152451e-01 0.0000000000e+00 0.0000000000e+00 
2.0916666667e+01 4.1371834279e-01 2.2336627339e+00 4.1371834279e-01 0.0000000000e+00 0.0000000000e+00 
2.1083333333e+01 4.0801518997e-01 2.2615096351e+00 4.0801518997e-01 0.0000000000e+00 0.0000000000e+00 
2.1250000000e+01 4.0236219727e-01 2.2893040313e+00 4.0236219727e-01 0.0000000000e+00 0.0000000000e+00 
2.1416666667e+01 3.9675892751e-01 2.3170470162e+00 3.9675892751e-01 0.0000000000e+00 0.0000000000e+00 
2.1583333333e+01 3.9120491284e-01 2.3447398448e+00 3.9120491284e-01 0.0000000000e+00 0.0000000000e+00 
2.1750000000e+01 3.8569966638e-01 2.3723838779e+00 3.8569966638e-01 0.0000000000e+00 0.0000000000e+00 
2.1916666667e+01 3.8024265180e-01 2.3999807489e+00 3.8024265180e-01 0.0000000000e+00 0.0000000000e+00 
2.2083333333e+01 3.7483327195e-01 2.4275324699e+00 3.7483327195e-01 0.0000000000e+00 0.0000000000e+00 
2.2250000000e+01 3.6947087093e-01 2.4550414546e+00 3.6947087093e-01 0.0000000000e+00 0.0000000000e+00 
2.2416666667e+01 3.6415474039e-01 2.4825104703e+00 3.6415474039e-01 0.0000000000e+00 0.0000000000e+00 
2.2583333333e+01 3.5888412980e-01 2.5099425571e+00 3.5888412980e-01 0.0000000000e+00 0.0000000000e+00 
2.2750000000e+01 3.5365826295e-01 2.5373409581e+00 3.5365826295e-01 0.0000000000e+00 0.0000000000e+00 
2.2916666667e+01 3.4847635690e-01 2.5647090591e+00 3.4847635690e-01 0.0000000000e+00 0.0000000000e+00 
2.3083333333e+01 3.4333763719e-01 2.5920503201e+00 3.4333763719e-01 0.0000000000e+00 0.0000000000e+00 
2.3250000000e+01 3.3824134886e-01 2.6193682009e+00 3.3824134886e-01 0.0000000000e+00 0.0000000000e+00 
2.3416666667e+01 3.3318676639e-01 2.6466661016e+00 3.3318676639e-01 0.0000000000e+00 0.0000000000e+00 
2.3583333333e+01 3.2817320246e-01 2.6739473184e+00 3.2817320246e-01 0.0000000000e+00 0.0000000000e+00 
2.3750000000e+01 3.2320001393e-01 2.7012150066e+00 3.2320001393e-01 0.0000000000e+00 0.0000000000e+00 
2.3916666667e+01 3.1826660538e-01 2.7284721489e+00 3.1826660538e-01 0.0000000000e+00 0.0000000000e+00 
2.4083333333e+01 3.1337243137e-01 2.7557215365e+00 3.1337243137e-01 0.0000000000e+00 0.0000000000e+00 
2.4250000000e+01 3.0851699772e-01 2.7829657583e+00 3.0851699772e-01 0.0000000000e+00 0.0000000000e+00 
2.4416666667e+01 3.0369986169e-01 2.8102071992e+00 3.0369986169e-01 0.0000000000e+00 0.0000000000e+00 
2.4583333333e+01 2.9892063063e-01 2.8374480397e+00 2.9892063063e-01 0.0000000000e+00 0.0000000000e+00 
2.4750000000e+01 2.9417895931e-01 2.8646902574e+00 2.9417895931e-01 0.0000000000e+00 0.0000000000e+00 
2.4916666667e+01 2.8947454661e-01 2.8919356304e+00 2.8947454661e-01 0.0000000000e+00 0.0000000000e+00 
2.5083333333e+01 2.8480713230e-01 2.9191857468e+00 2.8480713230e-01 0.0000000000e+00 0.0000000000e+00 
2.5250000000e+01 2.8017649434e-01 2.9464420200e+00 2.8017649434e-01 0.0000000000e+00 0.0000000000e+00 
2.5416666667e+01 2.7558244616e-01 2.9737057061e+00 2.7558244616e-01 0.0000000000e+00 0.0000000000e+00 
2.5583333333e+01 2.7102483330e-01 3.0009779187e+00 2.7102483330e-01 0.0000000000e+00 0.0000000000e+00 
2.5750000000e+01 2.6650352960e-01 3.0282596406e+00 2.6650352960e-01 0.0000000000e+00 0.0000000000e+00 
2.5916666667e+01 2.6201843331e-01 3.0555517342e+00 2.6201843331e-01 0.0000000000e+00 0.0000000000e+00 
2.6083333333e+01 2.5756946385e-01 3.0828549541e+00 2.5756946385e-01 0.0000000000e+00 0.0000000000e+00 
2.6250000000e+01 2.5315655915e-01 3.1101699613e+00 2.5315655915e-01 0.0000000000e+00 0.0000000000e+00 
2.6416666667e+01 2.4877967329e-01 3.1374973373e+00 2.4877967329e-01 0.0000000000e+00 0.0000000000e+00 
2.6583333333e+01 2.4443877423e-01 3.1648375963e+00 2.4443877423e-01 0.0000000000e+00 0.0000000000e+00 
2.6750000000e+01 2.4013384174e-01 3.1921911968e+00 2.4013384174e-01 0.0000000000e+00 0.0000000000e+00 
2.6916666667e+01 2.3586486563e-01 3.2195585518e+00 2.3586486563e-01 0.0000000000e+00 0.0000000000e+00 
2.7083333333e+01 2.3163184398e-01 3.2469400371e+00 2.3163184398e-01 0.0000000000e+00 0.0000000000e+00 
2.7250000000e+01 2.2743478158e-01 3.2743359988e+00 2.2743478158e-01 0.0000000000e+00 0.0000000000e+00 
2.7416666667e+01 2.2327368833e-01 3.3017467577e+00 2.2327368833e-01 0.0000000000e+00 0.0000000000e+00 
2.7583333333e+01 2.1914857812e-01 3.3291726151e+00 2.1914857812e-01 0.0000000000e+00 0.0000000000e+00 
2.7750000000e+01 2.1505946800e-01 3.3566138583e+00 2.1505946800e-01 0.0000000000e+00 0.0000000000e+00 
2.7916666667e+01 2.1100637767e-01 3.3840707665e+00 2.1100637767e-01 0.0000000000e+00 0.0000000000e+00 
2.8083333333e+01 2.0698932907e-01 3.4115436164e+00 2.0698932907e-01 0.0000000000e+00 0.0000000000e+00 
2.8250000000e+01 2.0300834587e-01 3.4390326855e+00 2.0300834587e-01 0.0000000000e+00 0.0000000000e+00 
2.8416666667e+01 1.9906345291e-01 3.4665382536e+00 1.9906345291e-01 0.0000000000e+00 0.0000000000e+00 
2.8583333333e+01 1.9515467573e-01 3.4940606043e+00 1.9515467573e-01 0.0000000000e+00 0.0000000000e+00 
2.8750000000e+01 1.9128204028e-01 3.5216000268e+00 1.9128204028e-01 0.0000000000e+00 0.0000000000e+00 
2.8916666667e+01 1.8744557289e-01 3.5491568184e+00 1.8744557289e-01 0.0000000000e+00 0.0000000000e+00 
2.9083333333e+01 1.8364530030e-01 3.5767312874e+00 1.8364530030e-01 0.0000000000e+00 0.0000000000e+00 
2.9250000000e+01 1.7988124963e-01 3.6043237554e+00 1.7988124963e-01 0.0000000000e+00 0.0000000000e+00 
2.9416666667e+01 1.7615344828e-01 3.6319345576e+00 1.7615344828e-01 0.0000000000e+00 0.0000000000e+00 
2.9583333333e+01 1.7246192372e-01 3.6595640440e+00 1.7246192372e-01 0.0000000000e+00 0.0000000000e+00 
2.9750000000e+01 1.6880670334e-01 3.6872125787e+00 1.6880670334e-01 0.0000000000e+00 0.0000000000e+00 
2.9916666667e+01 1.6518781426e-01 3.7148805400e+00 1.6518781426e-01 0.0000000000e+00 0.0000000000e+00 
3.0083333333e+01 1.6160528316e-01 3.7425683203e+00 1.6160528316e-01 0.0000000000e+00 0.0000000000e+00 
3.0250000000e+01 1.5805913623e-01 3.7702763260e+00 1.5805913623e-01 0.0000000000e+00 0.0000000000e+00 
3.0416666667e+01 1.5454939908e-01 3.7980049787e+00 1.5454939908e-01 0.0000000000e+00 0.0000000000e+00 
3.0583333333e+01 1.5107609694e-01 3.8257547162e+00 1.5107609694e-01 0.0000000000e+00 0.0000000000e+00 
3.0750000000e+01 1.4763925475e-01 3.8535259954e+00 1.4763925475e-01 0.0000000000e+00 0.0000000000e+00 
3.0916666667e+01 1.4423889740e-01 3.8813192946e+00 1.4423889740e-01 0.0000000000e+00 0.0000000000e+00 
3.1083333333e+01 1.4087504978e-01 3.9091351150e+00 1.4087504978e-01 0.0000000000e+00 0.0000000000e+00 
3.1250000000e+01 1.3754773675e-01 3.9369739824e+00 1.3754773675e-01 0.0000000000e+00 0.0000000000e+00 
3.1416666667e+01 1.3425698308e-01 3.9648364474e+00 1.3425698308e-01 0.0000000000e+00 0.0000000000e+00 
3.1583333333e+01 1.3100281337e-01 3.9927230868e+00 1.3100281337e-01 0.0000000000e+00 0.0000000000e+00 
3.1750000000e+01 1.2778525203e-01 4.0206345046e+00 1.2778525203e-01 0.0000000000e+00 0.0000000000e+00 
3.1916666667e+01 1.2460432331e-01 4.0485713350e+00 1.2460432331e-01 0.0000000000e+00 0.0000000000e+00 
3.2083333333e+01 1.2146005133e-01 4.0765342444e+00 1.2146005133e-01 0.0000000000e+00 0.0000000000e+00 
3.2250000000e+01 1.1835245999e-01 4.1045239336e+00 1.1835245999e-01 0.0000000000e+00 0.0000000000e+00 
3.2416666667e+01 1.1528157285e-01 4.1325411406e+00 1.1528157285e-01 0.0000000000e+00 0.0000000000e+00 
3.2583333333e+01 1.1224741292e-01 4.1605866415e+00 1.1224741292e-01 0.0000000000e+00 0.0000000000e+00 
3.2750000000e+01 1.0925000238e-01 4.1886612535e+00 1.0925000238e-01 0.0000000000e+00 0.0000000000e+00 
3.2916666667e+01 1.0628936238e-01 4.2167658377e+00 1.0628936238e-01 0.0000000000e+00 0.0000000000e+00 
3.3083333333e+01 1.0336551272e-01 4.2449013027e+00 1.0336551272e-01 0.0000000000e+00 0.0000000000e+00 
3.3250000000e+01 1.0047847166e-01 4.2730686097e+00 1.0047847166e-01 0.0000000000e+00 0.0000000000e+00 
3.3416666667e+01 9.7628255636e-02 4.3012687793e+00 9.7628255636e-02 0.0000000000e+00 0.0000000000e+00 
3.3583333333e+01 9.4814878940e-02 4.3295028988e+00 9.4814878940e-02 0.0000000000e+00 0.0000000000e+00 
3.3750000000e+01 9.2038353455e-02 4.3577721325e+00 9.2038353455e-02 0.0000000000e+00 0.0000000000e+00 
3.3916666667e+01 8.9298688285e-02 4.3860777346e+00 8.9298688285e-02 0.0000000000e+00 0.0000000000e+00 
3.4083333333e+01 8.6595889307e-02 4.4144210636e+00 8.6595889307e-02 0.0000000000e+00 0.0000000000e+00 
3.4250000000e+01 8.3929958541e-02 4.4428036005e+00 8.3929958541e-02 0.0000000000e+00 0.0000000000e+00 
3.4416666667e+01 8.1300893285e-02 4.4712269697e+00 8.1300893285e-02 0.0000000000e+00 0.0000000000e+00 
3.4583333333e+01 7.8708684928e-02 4.4996929624e+00 7.8708684928e-02 0.0000000000e+00 0.0000000000e+00 
3.4750000000e+01 7.6153317434e-02 4.5282035658e+00 7.6153317434e-02 0.0000000000e+00 0.0000000000e+00 
3.4916666667e+01 7.3634765491e-02 4.5567609950e+00 7.3634765491e-02 0.0000000000e+00 0.0000000000e+00 
3.5083333333e+01 7.1152992389e-02 4.5853677326e+00 7.1152992389e-02 0.0000000000e+00 0.0000000000e+00 
3.5250000000e+01 6.8707947726e-02 4.6140265734e+00 6.8707947726e-02 0.0000000000e+00 0.0000000000e+00 
3.5416666667e+01 6.6299565120e-02 4.6427406755e+00 6.6299565120e-02 0.0000000000e+00 0.0000000000e+00 
3.5583333333e+01 6.3927760124e-02 4.6715136151e+00 6.3927760124e-02 0.0000000000e+00 0.0000000000e+00 
3.5750000000e+01 6.1592428622e-02 4.7003494432e+00 6.1592428622e-02 0.0000000000e+00 0.0000000000e+00 
3.5916666667e+01 5.9293445946e-02 4.7292527398e+00 5.9293445946e-02 0.0000000000e+00 0.0000000000e+00 
3.6083333333e+01 5.7030666863e-02 4.7582286624e+00 5.7030666863e-02 0.0000000000e+00 0.0000000000e+00 
3.6250000000e+01 5.4803926334e-02 4.7872829896e+00 5.4803926334e-02 0.0000000000e+00 0.0000000000e+00 
3.6416666667e+01 5.2613040441e-02 4.8164221668e+00 5.2613040441e-02 0.0000000000e+00 0.0000000000e+00 
3.6583333333e+01 5.0457806223e-02 4.8456533723e+00 5.0457806223e-02 0.0000000000e+00 0.0000000000e+00 
3.6750000000e+01 4.8337998487e-02 4.8749846375e+00 4.8337998487e-02 0.0000000000e+00 0.0000000000e+00 
3.6916666667e+01 4.6253361872e-02 4.9044250553e+00 4.6253361872e-02 0.0000000000e+00 0.0000000000e+00 
3.7083333333e+01 4.4203598997e-02 4.9339850849e+00 4.4203598997e-02 0.0000000000e+00 0.0000000000e+00 
3.7250000000e+01 4.2188362641e-02 4.9636768489e+00 4.2188362641e-02 0.0000000000e+00 0.0000000000e+00 
3.7416666667e+01 4.0207269931e-02 4.9935141398e+00 4.0207269931e-02 0.0000000000e+00 0.0000000000e+00 
3.7583333333e+01 3.8259955260e-02 5.0235117963e+00 3.8259955260e-02 0.0000000000e+00 0.0000000000e+00 
3.7750000000e+01 3.6346128493e-02 5.0536848487e+00 3.6346128493e-02 0.0000000000e+00 0.0000000000e+00 
3.7916666667e+01 3.4465447069e-02 5.0840506458e+00 3.4465447069e-02 0.0000000000e+00 0.0000000000e+00 
3.8083333333e+01 3.2616656292e-02 5.1146444300e+00 3.2616656292e-02 0.0000000000e+00 0.0000000000e+00 
3.8250000000e+01 3.0796672466e-02 5.1455355662e+00 3.0796672466e-02 0.0000000000e+00 0.0000000000e+00 
3.8416666667e+01 2.9014838055e-02 5.1765661726e+00 2.9014838055e-02 0.0000000000e+00 0.0000000000e+00 
3.8583333333e+01 2.7280577803e-02 5.2075669267e+00 2.7280577803e-02 0.0000000000e+00 0.0000000000e+00 
3.8750000000e+01 2.5590198757e-02 5.2386107797e+00 2.5590198757e-02 0.0000000000e+00 0.0000000000e+00 
3.8916666667e+01 2.3934093088e-02 5.2698891307e+00 2.3934093088e-02 0.0000000000e+00 0.0000000000e+00 
3.9083333333e+01 2.2308725161e-02 5.3014696707e+00 2.2308725161e-02 0.0000000000e+00 0.0000000000e+00 
3.9250000000e+01 2.0722160387e-02 5.3331570532e+00 2.0722160387e-02 0.0000000000e+00 0.0000000000e+00 
3.9416666667e+01 1.9185218994e-02 5.3646511993e+00 1.9185218994e-02 0.0000000000e+00 0.0000000000e+00 
3.9583333333e+01 1.7692471414e-02 5.3959561676e+00 1.7692471414e-02 0.0000000000e+00 0.0000000000e+00 
3.9750000000e+01 1.6218199191e-02 5.4274702751e+00 1.6218199191e-02 0.0000000000e+00 0.0000000000e+00 
3.9916666667e+01 1.4729976844e-02 5.4596116100e+00 1.4729976844e-02 0.0000000000e+00 0.0000000000e+00 
4.0083333333e+01 1.3254995233e-02 5.4908950790e+00 1.3254995233e-02 0.0000000000e+00 0.0000000000e+00 
4.0250000000e+01 1.1831469285e-02 5.5188632834e+00 1.1831469285e-02 0.0000000000e+00 0.0000000000e+00 
4.0416666667e+01 1.0371588300e-02 5.5436953756e+00 1.0371588300e-02 0.0000000000e+00 0.0000000000e+00 
4.0583333333e+01 8.7717319616e-03 5.5650506657e+00 8.7717319616e-03 0.0000000000e+00 0.0000000000e+00 
4.0750000000e+01 7.0732711591e-03 5.5775322177e+00 7.0732711591e-03 0.0000000000e+00 0.0000000000e+00 
4.0916666667e+01 5.4268117509e-03 5.5721401169e+00 5.4268117509e-03 0.0000000000e+00 0.0000000000e+00 
4.1083333333e+01 3.9422650016e-03 5.5414741122e+00 3.9422650016e-03 0.0000000000e+00 0.0000000000e+00 
4.1250000000e+01 2.7803165515e-03 5.5080032677e+00 2.7803165515e-03 0.0000000000e+00 0.0000000000e+00 
4.1416666667e+01 1.8559939474e-03 4.8051105109e+00 1.8559939474e-03 0.0000000000e+00 0.0000000000e+00 
4.1583333333e+01 3.6081294575e-04 4.0189752677e+00 3.6081294575e-04 0.0000000000e+00 0.0000000000e+00 
4.1750000000e+01 1.0000000032e-30 0.0000000000e+00 1.0000000032e-30 0.0000000000e+00 1.0000000000e+00 
4.1916666667e+01 1.0000000032e-30 0.0000000000e+00 1.0000000032e-30 0.0000000000e+00 1.0000000000e+00 
4.2083333333e+01 1.0000000032e-30 0.0000000000e+00 1.0000000032e-30 0.0000000000e+00 1.0000000000e+00 
4.2250000000e+01 1.0000000032e-30 0.0000000000e+00 1.0000000032e-30 0.0000000000e+00 1.0000000000e+00 
4.2416666667e+01 1.0000000032e-30 0.0000000000e+00 1.0000000032e-30 0.0000000000e+00 1.0000000000e+00 
4.2583333333e+01 1.0000000032e-30 0.0000000000e+00 1.0000000032e-30 0.0000000000e+00 1.0000000000e+00 
4.2750000000e+01 1.0000000032e-30 0.0000000000e+00 1.0000000032e-30 0.0000000000e+00 1.0000000000e+00 
4.2916666667e+01 1.0000000032e-30 0.0000000000e+00 1.0000000032e-30 0.0000000000e+00 1.0000000000e+00 
4.3083333333e+01 1.0000000032e-30 0.0000000000e+00 1.0000000032e-30 0.0000000000e+00 1.0000000000e+00 
4.3250000000e+01 1.0000000032e-30 0.0000000000e+00 1.0000000032e-30 0.0000000000e+00 1.0000000000e+00 
4.3416666667e+01 1.0000000032e-30 0.0000000000e+00 1.0000000032e-30 0.0000000000e+00 1.0000000000e+00 
4.3583333333e+01 1.0000000032e-30 0.0000000000e+00 1.0000000032e-30 0.0000000000e+00 1.0000000000e+00 
4.3750000000e+01 1.0000000032e-30 0.0000000000e+00 1.0000000032e-30 0.0000000000e+00 1.0000000000e+00 
4.3916666667e+01 1.0000000032e-30 0.0000000000e+00 1.0000000032e-30 0.0000000000e+00 1.0000000000e+00 
4.4083333333e+01 1.0000000032e-30 0.0000000000e+00 1.0000000032e-30 0.0000000000e+00 1.0000000000e+00 
4.4250000000e+01 1.0000000032e-30 0.0000000000e+00 1.0000000032e-30 0.0000000000e+00 1.0000000000e+00 
4.4416666667e+01 1.0000000032e-30 0.0000000000e+00 1.0000000032e-30 0.0000000000e+00 1.0000000000e+00 
4.4583333333e+01 1.0000000032e-30 0.0000000000e+00 1.0000000032e-30 0.0000000000e+00 1.0000000000e+00 
4.4750000000e+01 1.0000000032e-30 0.0000000000e+00 1.0000000032e-30 0.0000000000e+00 1.0000000000e+00 
4.4916666667e+01 1.0000000032e-30 0.0000000000e+00 1.0000000032e-30 0.0000000000e+00 1.0000000000e+00 
4.5083333333e+01 1.0000000032e-30 0.0000000000e+00 1.0000000032e-30 0.0000000000e+00 1.0000000000e+00 
4.5250000000e+01 1.0000000032e-30 0.0000000000e+00 1.0000000032e-30 0.0000000000e+00 1.0000000000e+00 
4.5416666667e+01 1.0000000032e-30 0.0000000000e+00 1.0000000032e-30 0.0000000000e+00 1.0000000000e+00 
4.5583333333e+01 1.0000000032e-30 0.0000000000e+00 1.0000000032e-30 0.0000000000e+00 1.0000000000e+00 
4.5750000000e+01 1.0000000032e-30 0.0000000000e+00 1.0000000032e-30 0.0000000000e+00 1.0000000000e+00 
4.5916666667e+01 1.0000000032e-30 0.0000000000e+00 1.0000000032e-30 0.0000000000e+00 1.0000000000e+00 
4.6083333333e+01 1.0000000032e-30 0.0000000000e+00 1.0000000032e-30 0.0000000000e+00 1.0000000000e+00 
4.6250000000e+01 1.0000000032e-30 0.0000000000e+00 1.0000000032e-30 0.0000000000e+00 1.0000000000e+00 
4.6416666667e+01 1.0000000032e-30 0.0000000000e+00 1.0000000032e-30 0.0000000000e+00 1.0000000000e+00 
4.6583333333e+01 1.0000000032e-30 0.0000000000e+00 1.0000000032e-30 0.0000000000e+00 1.0000000000e+00 
4.6750000000e+01 1.0000000032e-30 0.0000000000e+00 1.0000000032e-30 0.0000000000e+00 1.0000000000e+00 
4.6916666667e+01 1.0000000032e-30 0.0000000000e+00 1.0000000032e-30 0.0000000000e+00 1.0000000000e+00 
4.7083333333e+01 1.0000000032e-30 0.0000000000e+00 1.0000000032e-30 0.0000000000e+00 1.0000000000e+00 
4.7250000000e+01 1.0000000032e-30 0.0000000000e+00 1.0000000032e-30 0.0000000000e+00 1.0000000000e+00 
4.7416666667e+01 1.0000000032e-30 0.0000000000e+00 1.0000000032e-30 0.0000000000e+00 1.0000000000e+00 
4.7583333333e+01 1.0000000032e-30 0.0000000000e+00 1.0000000032e-30 0.0000000000e+00 1.0000000000e+00 
4.7750000000e+01 1.0000000032e-30 0.0000000000e+00 1.0000000032e-30 0.0000000000e+00 1.0000000000e+00 
4.7916666667e+01 1.0000000032e-30 0.0000000000e+00 1.0000000032e-30 0.0000000000e+00 1.0000000000e+00 
4.8083333333e+01 1.0000000032e-30 0.0000000000e+00 1.0000000032e-30 0.0000000000e+00 1.0000000000e+00 
4.8250000000e+01 1.0000000032e-30 0.0000000000e+00 1.0000000032e-30 0.0000000000e+00 1.0000000000e+00 
4.8416666667e+01 1.0000000032e-30 0.0000000000e+00 1.0000000032e-30 0.0000000000e+00 1.0000000000e+00 
4.8583333333e+01 1.0000000032e-30 0.0000000000e+00 1.0000000032e-30 0.0000000000e+00 1.0000000000e+00 
4.8750000000e+01 1.0000000032e-30 0.0000000000e+00 1.0000000032e-30 0.0000000000e+00 1.0000000000e+00 
4.8916666667e+01 1.0000000032e-30 0.0000000000e+00 1.0000000032e-30 0.0000000000e+00 1.0000000000e+00 
4.9083333333e+01 1.0000000032e-30 0.0000000000e+00 1.0000000032e-30 0.0000000000e+00 1.0000000000e+00 
4.9250000000e+01 1.0000000032e-30 0.0000000000e+00 1.0000000032e-30 0.0000000000e+00 1.0000000000e+00 
4.9416666667e+01 1.0000000032e-30 0.0000000000e+00 1.0000000032e-30 0.0000000000e+00 1.0000000000e+00 
4.9583333333e+01 1.0000000032e-30 0.0000000000e+00 1.0000000032e-30 0.0000000000e+00 1.0000000000e+00 
4.9750000000e+01 1.0000000032e-30 0.0000000000e+00 1.0000000032e-30 0.0000000000e+00 1.0000000000e+00 
4.9916666667e+01 1.0000000032e-30 0.0000000000e+00 1.0000000032e-30 0.0000000000e+00 1.0000000000e+00 
