1.0000000000e+05  1.0000000000e+05  1.0000000000e+05  1.0000000000e+05  1.0000000000e+05  1.0000000000e+05  1.0000000000e+05  
1.5625000000e+02 9.9996944447e+00 1.0002663566e+00 9.9997346497e+00 4.0205002941e-05 0.0000000000e+00 0.0000000000e+00 
4.6875000000e+02 9.9996529441e+00 1.0002703372e+00 9.9997344060e+00 8.1461946715e-05 0.0000000000e+00 -9.2499758348e-05 
7.8125000000e+02 9.9993872429e+00 1.0002967657e+00 9.9997318071e+00 3.4456423200e-04 0.0000000000e+00 -3.3811335172e-04 
1.0937500000e+03 9.9984354676e+00 1.0003917356e+00 9.9997221696e+00 1.2867019565e-03 0.0000000000e+00 -1.1430730427e-03 
1.4062500000e+03 9.9954231471e+00 1.0006926420e+00 9.9996914064e+00 4.2682593599e-03 0.0000000000e+00 -3.5751504157e-03 
1.7187500000e+03 9.9867948235e+00 1.0015556579e+00 9.9996029910e+00 1.2808167441e-02 0.0000000000e+00 -1.0155020518e-02 
2.0312500000e+03 9.9645818836e+00 1.0037842359e+00 9.9993743018e+00 3.4792418163e-02 0.0000000000e+00 -2.6182030996e-02 
2.3437500000e+03 9.9136226470e+00 1.0089340694e+00 9.9988440741e+00 8.5221427114e-02 0.0000000000e+00 -6.1621157518e-02 
2.6562500000e+03 9.8108085512e+00 1.0194851403e+00 9.9977497910e+00 1.8694123984e-01 0.0000000000e+00 -1.3379245258e-01 
2.9687500000e+03 9.6319271065e+00 1.0383732460e+00 9.9957636659e+00 3.6383655945e-01 0.0000000000e+00 -2.7153179100e-01 
3.2812500000e+03 9.3700169905e+00 1.0673131597e+00 9.9926528166e+00 6.2263582614e-01 0.0000000000e+00 -5.1891433727e-01 
3.5937500000e+03 9.0523684475e+00 1.1046247022e+00 9.9885226019e+00 9.3615415440e-01 0.0000000000e+00 -9.2401677528e-01 
3.9062500000e+03 8.7259427988e+00 1.1457427848e+00 9.9838174081e+00 1.2578746093e+00 0.0000000000e+00 -1.4912798119e+00 
4.2187500000e+03 8.4232659105e+00 1.1866512212e+00 9.9789764309e+00 1.5557105204e+00 0.0000000000e+00 -2.1292585462e+00 
4.5312500000e+03 8.1554671770e+00 1.2253091700e+00 9.9742551722e+00 1.8187879951e+00 0.0000000000e+00 -2.6609951098e+00 
4.8437500000e+03 7.9221528316e+00 1.2610528623e+00 9.9697636040e+00 2.0476107724e+00 0.0000000000e+00 -2.8917250891e+00 
5.1562500000e+03 7.7190133122e+00 1.2938703542e+00 9.9655337042e+00 2.2465203920e+00 0.0000000000e+00 -2.6928154696e+00 
5.4687500000e+03 7.5411527283e+00 1.3239967400e+00 9.9615621140e+00 2.4204093857e+00 0.0000000000e+00 -2.0593737192e+00 
5.7812500000e+03 7.3841972125e+00 1.3517329691e+00 9.9578312825e+00 2.5736340700e+00 0.0000000000e+00 -1.1113349965e+00 
6.0937500000e+03 7.2445287393e+00 1.3773742644e+00 9.9543192893e+00 2.7097905499e+00 0.0000000000e+00 -3.9363871219e-02 
6.4062500000e+03 7.1192380779e+00 1.4011846738e+00 9.9510045864e+00 2.8317665085e+00 0.0000000000e+00 9.7159557881e-01 
6.7187500000e+03 7.0060099867e+00 1.4233916696e+00 9.9478672757e+00 2.9418572890e+00 0.0000000000e+00 1.8003071255e+00 
7.0312500000e+03 6.9030164462e+00 1.4441834120e+00 9.9448890356e+00 3.0418725894e+00 0.0000000000e+00 2.4065042389e+00 
7.3437500000e+03 6.8090769423e+00 1.4636613830e+00 9.9420625809e+00 3.1329856386e+00 0.0000000000e+00 2.8122519462e+00 
7.6562500000e+03 6.7277834013e+00 1.4808690099e+00 9.9394936573e+00 3.2117102560e+00 0.0000000000e+00 3.0648676713e+00 
7.9687500000e+03 6.7450328213e+00 1.4769298105e+00 9.9402712313e+00 3.1952384100e+00 0.0000000000e+00 3.1342639609e+00 
8.2812500000e+03 7.6815375888e+00 1.2980247829e+00 9.9665062385e+00 2.2849686497e+00 0.0000000000e+00 2.2620054617e+00 
8.5937500000e+03 9.4696154857e+00 1.0554048292e+00 9.9949703215e+00 5.2535483579e-01 0.0000000000e+00 5.1751142601e-01 
8.9062500000e+03 9.9479160955e+00 1.0053668481e+00 9.9996871861e+00 5.1771090569e-02 0.0000000000e+00 4.9341315570e-02 
9.2187500000e+03 9.9931893648e+00 1.0008860335e+00 1.0000083754e+01 6.8943893073e-03 0.0000000000e+00 6.2117117235e-03 
9.5312500000e+03 9.9985270519e+00 1.0003578886e+00 1.0000133045e+01 1.6059927640e-03 0.0000000000e+00 1.4320310589e-03 
9.8437500000e+03 9.9996930108e+00 1.0002421159e+00 1.0000144438e+01 4.5142710289e-04 0.0000000000e+00 4.1122209995e-04 
1.0156250000e+04 1.0000022552e+01 1.0002094031e+00 1.0000147739e+01 1.2518667581e-04 0.0000000000e+00 1.1675924937e-04 
1.0468750000e+04 1.0000115696e+01 1.0002001991e+00 1.0000148709e+01 3.3012990347e-05 0.0000000000e+00 3.1410858432e-05 
1.0781250000e+04 1.0000140462e+01 1.0001977953e+00 1.0000149005e+01 8.5430892169e-06 0.0000000000e+00 8.2668470304e-06 
1.1093750000e+04 1.0000146620e+01 1.0001972415e+00 1.0000149118e+01 2.4983389408e-06 0.0000000000e+00 2.4551402919e-06 
1.1406250000e+04 1.0000148081e+01 1.0001971543e+00 1.0000149185e+01 1.1039414414e-06 0.0000000000e+00 1.0978145702e-06 
1.1718750000e+04 1.0000148442e+01 1.0001971763e+00 1.0000149240e+01 7.9797261406e-07 0.0000000000e+00 7.9718448785e-07 
1.2031250000e+04 1.0000148565e+01 1.0001972220e+00 1.0000149294e+01 7.2867693187e-07 0.0000000000e+00 7.2858498410e-07 
1.2343750000e+04 1.0000148639e+01 1.0001972726e+00 1.0000149347e+01 7.0756721319e-07 0.0000000000e+00 7.0755748404e-07 
1.2656250000e+04 1.0000148704e+01 1.0001973240e+00 1.0000149400e+01 6.9610864910e-07 0.0000000000e+00 6.9610771542e-07 
1.2968750000e+04 1.0000148765e+01 1.0001973755e+00 1.0000149452e+01 6.8716787537e-07 0.0000000000e+00 6.8716779410e-07 
1.3281250000e+04 1.0000148837e+01 1.0001974256e+00 1.0000149505e+01 6.6756190635e-07 0.0000000000e+00 6.6756189994e-07 
1.3593750000e+04 1.0000148909e+01 1.0001974758e+00 1.0000149557e+01 6.4858884982e-07 0.0000000000e+00 6.4858884936e-07 
1.3906250000e+04 1.0000148972e+01 1.0001975269e+00 1.0000149610e+01 6.3801348528e-07 0.0000000000e+00 6.3801348525e-07 
1.4218750000e+04 1.0000149025e+01 1.0001975793e+00 1.0000149662e+01 6.3732281259e-07 0.0000000000e+00 6.3732281259e-07 
1.4531250000e+04 1.0000149067e+01 1.0001976327e+00 1.0000149715e+01 6.4778791661e-07 0.0000000000e+00 6.4778791661e-07 
1.4843750000e+04 1.0000149114e+01 1.0001976848e+00 1.0000149766e+01 6.5198520638e-07 0.0000000000e+00 6.5198520638e-07 
1.5156250000e+04 1.0000149170e+01 1.0001977356e+00 1.0000149818e+01 6.4797665683e-07 0.0000000000e+00 6.4797665683e-07 
1.5468750000e+04 1.0000149228e+01 1.0001977861e+00 1.0000149869e+01 6.4132904763e-07 0.0000000000e+00 6.4132904763e-07 
1.5781250000e+04 1.0000149286e+01 1.0001978370e+00 1.0000149921e+01 6.3498704969e-07 0.0000000000e+00 6.3498704969e-07 
1.6093750000e+04 1.0000149346e+01 1.0001978893e+00 1.0000149974e+01 6.2847909145e-07 0.0000000000e+00 6.2847909145e-07 
1.6406250000e+04 1.0000149408e+01 1.0001979438e+00 1.0000150029e+01 6.2190612374e-07 0.0000000000e+00 6.2190612374e-07 
1.6718750000e+04 1.0000149467e+01 1.0001979959e+00 1.0000150082e+01 6.1537452408e-07 0.0000000000e+00 6.1537452408e-07 
1.7031250000e+04 1.0000149523e+01 1.0001980443e+00 1.0000150132e+01 6.0911030491e-07 0.0000000000e+00 6.0911030491e-07 
1.7343750000e+04 1.0000149576e+01 1.0001980910e+00 1.0000150179e+01 6.0315518589e-07 0.0000000000e+00 6.0315518589e-07 
1.7656250000e+04 1.0000149629e+01 1.0001981380e+00 1.0000150227e+01 5.9776065053e-07 0.0000000000e+00 5.9776065053e-07 
1.7968750000e+04 1.0000149684e+01 1.0001981885e+00 1.0000150278e+01 5.9368503054e-07 0.0000000000e+00 5.9368503054e-07 
1.8281250000e+04 1.0000149748e+01 1.0001982499e+00 1.0000150340e+01 5.9165357420e-07 0.0000000000e+00 5.9165357420e-07 
1.8593750000e+04 1.0000149832e+01 1.0001983350e+00 1.0000150425e+01 5.9286421807e-07 0.0000000000e+00 5.9286421807e-07 
1.8906250000e+04 1.0000149967e+01 1.0001984591e+00 1.0000150551e+01 5.8447046044e-07 0.0000000000e+00 5.8447046044e-07 
1.9218750000e+04 1.0000150054e+01 1.0001986501e+00 1.0000150733e+01 6.7888634434e-07 0.0000000000e+00 6.7888634434e-07 
1.9531250000e+04 1.0000150960e+01 1.0001988179e+00 1.0000150977e+01 1.7106354897e-08 0.0000000000e+00 1.7106354897e-08 
1.9843750000e+04 1.0000150480e+01 1.0001991876e+00 1.0000151264e+01 7.8331355460e-07 0.0000000000e+00 7.8331355460e-07 
