1.0000000000e+05  1.0000000000e+05  1.0000000000e+05  1.0000000000e+05  1.0000000000e+05  1.0000000000e+05  1.0000000000e+05  
1.5625000000e+02 9.9996971597e+00 1.0002636686e+00 9.9997373647e+00 4.0205002941e-05 0.0000000000e+00 0.0000000000e+00 
4.6875000000e+02 9.9996543690e+00 1.0002678368e+00 9.9997370428e+00 8.2673805490e-05 0.0000000000e+00 -9.1287899574e-05 
7.8125000000e+02 9.9993858014e+00 1.0002945910e+00 9.9997343714e+00 3.4857005996e-04 0.0000000000e+00 -3.3410752377e-04 
1.0937500000e+03 9.9984257937e+00 1.0003904091e+00 9.9997246236e+00 1.2988298819e-03 0.0000000000e+00 -1.1309451174e-03 
1.4062500000e+03 9.9953921563e+00 1.0006934623e+00 9.9996936318e+00 4.3014755294e-03 0.0000000000e+00 -3.5419342462e-03 
1.7187500000e+03 9.9867150629e+00 1.0015613819e+00 9.9996047151e+00 1.2889652280e-02 0.0000000000e+00 -1.0073535679e-02 
2.0312500000e+03 9.9644036810e+00 1.0037999229e+00 9.9993750096e+00 3.4971328659e-02 0.0000000000e+00 -2.6003120499e-02 
2.3437500000e+03 9.9132695242e+00 1.0089677686e+00 9.9988429252e+00 8.5573400996e-02 0.0000000000e+00 -6.1269183637e-02 
2.6562500000e+03 9.8101831222e+00 1.0195479386e+00 9.9977455801e+00 1.8756245798e-01 0.0000000000e+00 -1.3317123444e-01 
2.9687500000e+03 9.6309430406e+00 1.0384772012e+00 9.9957549633e+00 3.6481192268e-01 0.0000000000e+00 -2.7055642777e-01 
3.2812500000e+03 9.3686850385e+00 1.0674627891e+00 9.9926388106e+00 6.2395377215e-01 0.0000000000e+00 -5.1759639126e-01 
3.5937500000e+03 9.0508742443e+00 1.1048049299e+00 9.9885045664e+00 9.3763032213e-01 0.0000000000e+00 -9.2254060756e-01 
3.9062500000e+03 8.7245151123e+00 1.1459280852e+00 9.9837980348e+00 1.2592829225e+00 0.0000000000e+00 -1.4898714986e+00 
4.2187500000e+03 8.4220201193e+00 1.1868245254e+00 9.9789577455e+00 1.5569376262e+00 0.0000000000e+00 -2.1280314404e+00 
4.5312500000e+03 8.1544247612e+00 1.2254635721e+00 9.9742381703e+00 1.8198134091e+00 0.0000000000e+00 -2.6599696959e+00 
4.8437500000e+03 7.9212946018e+00 1.2611872720e+00 9.9697486102e+00 2.0484540084e+00 0.0000000000e+00 -2.8908818532e+00 
5.1562500000e+03 7.7183095013e+00 1.2939861516e+00 9.9655207136e+00 2.2472112122e+00 0.0000000000e+00 -2.6921246493e+00 
5.4687500000e+03 7.5405748026e+00 1.3240960693e+00 9.9615509859e+00 2.4209761834e+00 0.0000000000e+00 -2.0588069216e+00 
5.7812500000e+03 7.3837212487e+00 1.3518180073e+00 9.9578218370e+00 2.5741005883e+00 0.0000000000e+00 -1.1108684782e+00 
6.0937500000e+03 7.2441358804e+00 1.3774469267e+00 9.9543113549e+00 2.7101754745e+00 0.0000000000e+00 -3.8978946672e-02 
6.4062500000e+03 7.1189143140e+00 1.4012464119e+00 9.9509980046e+00 2.8320836906e+00 0.0000000000e+00 9.7191276096e-01 
6.7187500000e+03 7.0057485540e+00 1.4234429477e+00 9.9478620803e+00 2.9421135262e+00 0.0000000000e+00 1.8005633628e+00 
7.0312500000e+03 6.9028388637e+00 1.4442188059e+00 9.9448858588e+00 3.0420469951e+00 0.0000000000e+00 2.4066786446e+00 
7.3437500000e+03 6.8092329235e+00 1.4636271510e+00 9.9420697467e+00 3.1328368232e+00 0.0000000000e+00 2.8121031308e+00 
7.6562500000e+03 6.7302354584e+00 1.4803345496e+00 9.9395783968e+00 3.2093429384e+00 0.0000000000e+00 3.0625003537e+00 
7.9687500000e+03 6.7565415094e+00 1.4744300338e+00 9.9406536199e+00 3.1841121105e+00 0.0000000000e+00 3.1231376614e+00 
8.2812500000e+03 7.6873431844e+00 1.2970609605e+00 9.9666127350e+00 2.2792695506e+00 0.0000000000e+00 2.2563063626e+00 
8.5937500000e+03 9.4638081268e+00 1.0560431366e+00 9.9949011240e+00 5.3109299723e-01 0.0000000000e+00 5.2324958745e-01 
8.9062500000e+03 9.9468601722e+00 1.0054695138e+00 9.9996756889e+00 5.2815516720e-02 0.0000000000e+00 5.0385741720e-02 
9.2187500000e+03 9.9930719249e+00 1.0008953394e+00 1.0000080644e+01 7.0087189296e-03 0.0000000000e+00 6.3260413459e-03 
9.5312500000e+03 9.9985068609e+00 1.0003576195e+00 1.0000130781e+01 1.6239204167e-03 0.0000000000e+00 1.4499587116e-03 
9.8437500000e+03 9.9996863063e+00 1.0002405144e+00 1.0000142297e+01 4.5599091087e-04 0.0000000000e+00 4.1578590793e-04 
1.0156250000e+04 1.0000019080e+01 1.0002074805e+00 1.0000145628e+01 1.2654813156e-04 0.0000000000e+00 1.1812070513e-04 
1.0468750000e+04 1.0000113200e+01 1.0001981789e+00 1.0000146607e+01 3.3407676902e-05 0.0000000000e+00 3.1805544987e-05 
1.0781250000e+04 1.0000138258e+01 1.0001957453e+00 1.0000146905e+01 8.6476649686e-06 0.0000000000e+00 8.3714227821e-06 
1.1093750000e+04 1.0000144497e+01 1.0001951826e+00 1.0000147018e+01 2.5215644151e-06 0.0000000000e+00 2.4783657662e-06 
1.1406250000e+04 1.0000145978e+01 1.0001950928e+00 1.0000147085e+01 1.1061074408e-06 0.0000000000e+00 1.0999805696e-06 
1.1718750000e+04 1.0000146345e+01 1.0001951137e+00 1.0000147140e+01 7.9509311378e-07 0.0000000000e+00 7.9430498757e-07 
1.2031250000e+04 1.0000146468e+01 1.0001951587e+00 1.0000147193e+01 7.2467122886e-07 0.0000000000e+00 7.2457928108e-07 
1.2343750000e+04 1.0000146542e+01 1.0001952086e+00 1.0000147245e+01 7.0329992208e-07 0.0000000000e+00 7.0329019293e-07 
1.2656250000e+04 1.0000146606e+01 1.0001952594e+00 1.0000147297e+01 6.9178280968e-07 0.0000000000e+00 6.9178187600e-07 
1.2968750000e+04 1.0000146667e+01 1.0001953104e+00 1.0000147350e+01 6.8279775963e-07 0.0000000000e+00 6.8279767836e-07 
1.3281250000e+04 1.0000146738e+01 1.0001953604e+00 1.0000147402e+01 6.6384425000e-07 0.0000000000e+00 6.6384424358e-07 
1.3593750000e+04 1.0000146809e+01 1.0001954104e+00 1.0000147454e+01 6.4472908590e-07 0.0000000000e+00 6.4472908544e-07 
1.3906250000e+04 1.0000146872e+01 1.0001954612e+00 1.0000147506e+01 6.3383116459e-07 0.0000000000e+00 6.3383116456e-07 
1.4218750000e+04 1.0000146924e+01 1.0001955128e+00 1.0000147558e+01 6.3351116262e-07 0.0000000000e+00 6.3351116261e-07 
1.4531250000e+04 1.0000146966e+01 1.0001955653e+00 1.0000147609e+01 6.4371934131e-07 0.0000000000e+00 6.4371934131e-07 
1.4843750000e+04 1.0000147013e+01 1.0001956171e+00 1.0000147661e+01 6.4765903668e-07 0.0000000000e+00 6.4765903668e-07 
1.5156250000e+04 1.0000147069e+01 1.0001956681e+00 1.0000147713e+01 6.4358893856e-07 0.0000000000e+00 6.4358893856e-07 
1.5468750000e+04 1.0000147127e+01 1.0001957189e+00 1.0000147764e+01 6.3692273557e-07 0.0000000000e+00 6.3692273557e-07 
1.5781250000e+04 1.0000147185e+01 1.0001957699e+00 1.0000147816e+01 6.3058488101e-07 0.0000000000e+00 6.3058488101e-07 
1.6093750000e+04 1.0000147243e+01 1.0001958205e+00 1.0000147868e+01 6.2411548720e-07 0.0000000000e+00 6.2411548720e-07 
1.6406250000e+04 1.0000147301e+01 1.0001958706e+00 1.0000147919e+01 6.1756496743e-07 0.0000000000e+00 6.1756496743e-07 
1.6718750000e+04 1.0000147358e+01 1.0001959207e+00 1.0000147969e+01 6.1104259882e-07 0.0000000000e+00 6.1104259882e-07 
1.7031250000e+04 1.0000147416e+01 1.0001959708e+00 1.0000148020e+01 6.0478576942e-07 0.0000000000e+00 6.0478576942e-07 
1.7343750000e+04 1.0000147473e+01 1.0001960215e+00 1.0000148072e+01 5.9884413068e-07 0.0000000000e+00 5.9884413068e-07 
1.7656250000e+04 1.0000147531e+01 1.0001960739e+00 1.0000148125e+01 5.9346405434e-07 0.0000000000e+00 5.9346405434e-07 
1.7968750000e+04 1.0000147589e+01 1.0001961267e+00 1.0000148178e+01 5.8940216067e-07 0.0000000000e+00 5.8940216067e-07 
1.8281250000e+04 1.0000147641e+01 1.0001961769e+00 1.0000148229e+01 5.8736090373e-07 0.0000000000e+00 5.8736090373e-07 
1.8593750000e+04 1.0000147689e+01 1.0001962254e+00 1.0000148277e+01 5.8843443907e-07 0.0000000000e+00 5.8843443907e-07 
1.8906250000e+04 1.0000147744e+01 1.0001962726e+00 1.0000148325e+01 5.8053850950e-07 0.0000000000e+00 5.8053850950e-07 
1.9218750000e+04 1.0000147703e+01 1.0001963306e+00 1.0000148373e+01 6.6974923786e-07 0.0000000000e+00 6.6974923786e-07 
1.9531250000e+04 1.0000148412e+01 1.0001963190e+00 1.0000148434e+01 2.1302348322e-08 0.0000000000e+00 2.1302348322e-08 
1.9843750000e+04 1.0000147742e+01 1.0001964859e+00 1.0000148517e+01 7.7493672517e-07 0.0000000000e+00 7.7493672517e-07 
