1.0000000000e+05  1.0000000000e+05  1.0000000000e+05  1.0000000000e+05  1.0000000000e+05  1.0000000000e+05  1.0000000000e+05  
1.5625000000e+02 9.9997542518e+00 1.0002071458e+00 9.9997944568e+00 4.0205002941e-05 0.0000000000e+00 0.0000000000e+00 
4.6875000000e+02 9.9996845416e+00 1.0002140442e+00 9.9997938206e+00 1.0927907259e-04 0.0000000000e+00 -6.4682632469e-05 
7.8125000000e+02 9.9993380414e+00 1.0002486224e+00 9.9997903319e+00 4.5229049875e-04 0.0000000000e+00 -2.3038708497e-04 
1.0937500000e+03 9.9981656924e+00 1.0003657308e+00 9.9997783998e+00 1.6127074368e-03 0.0000000000e+00 -8.1706756244e-04 
1.4062500000e+03 9.9945711684e+00 1.0007250495e+00 9.9997416612e+00 5.1704928100e-03 0.0000000000e+00 -2.6729169656e-03 
1.7187500000e+03 9.9845811881e+00 1.0017250194e+00 9.9996392676e+00 1.5058079497e-02 0.0000000000e+00 -7.9051084614e-03 
2.0312500000e+03 9.9595408431e+00 1.0042400650e+00 9.9993812546e+00 3.9840411509e-02 0.0000000000e+00 -2.1134037650e-02 
2.3437500000e+03 9.9033608146e+00 1.0099281981e+00 9.9987954263e+00 9.5434611636e-02 0.0000000000e+00 -5.1407972997e-02 
2.6562500000e+03 9.7919497094e+00 1.0213988963e+00 9.9976043135e+00 2.0565460413e-01 0.0000000000e+00 -1.1507908829e-01 
2.9687500000e+03 9.6006434117e+00 1.0417093002e+00 9.9954631892e+00 3.9481977748e-01 0.0000000000e+00 -2.4054857298e-01 
3.2812500000e+03 9.3243775719e+00 1.0724918286e+00 9.9921403000e+00 6.6776272813e-01 0.0000000000e+00 -4.7378743527e-01 
3.5937500000e+03 8.9966188733e+00 1.1114246448e+00 9.9878059931e+00 9.9118711974e-01 0.0000000000e+00 -8.6898380995e-01 
3.9062500000e+03 8.6694544798e+00 1.1531614991e+00 9.9829999160e+00 1.3135454362e+00 0.0000000000e+00 -1.4356089850e+00 
4.2187500000e+03 8.3725275785e+00 1.1937944324e+00 9.9781622246e+00 1.6056346462e+00 0.0000000000e+00 -2.0793344204e+00 
4.5312500000e+03 8.1123632861e+00 1.2317717170e+00 9.9734986875e+00 1.8611354014e+00 0.0000000000e+00 -2.6186477036e+00 
4.8437500000e+03 7.8863633358e+00 1.2667289102e+00 9.9690853531e+00 2.0827220173e+00 0.0000000000e+00 -2.8566138442e+00 
5.1562500000e+03 7.6895241065e+00 1.2987874884e+00 9.9649369989e+00 2.2754128924e+00 0.0000000000e+00 -2.6639229692e+00 
5.4687500000e+03 7.5168925446e+00 1.3282274987e+00 9.9610431715e+00 2.4441506268e+00 0.0000000000e+00 -2.0356324781e+00 
5.7812500000e+03 7.3642594288e+00 1.3553532150e+00 9.9573845346e+00 2.5931251058e+00 0.0000000000e+00 -1.0918439608e+00 
6.0937500000e+03 7.2282629375e+00 1.3804376645e+00 9.9539409597e+00 2.7256780222e+00 0.0000000000e+00 -2.3476399017e-02 
6.4062500000e+03 7.1064113553e+00 1.4036825857e+00 9.9506994771e+00 2.8442881218e+00 0.0000000000e+00 9.8411719211e-01 
6.7187500000e+03 6.9973671107e+00 1.4251244946e+00 9.9476649456e+00 2.9502978349e+00 0.0000000000e+00 1.8087476715e+00 
7.0312500000e+03 6.9024953805e+00 1.4442869897e+00 9.9449228358e+00 3.0424274553e+00 0.0000000000e+00 2.4070591048e+00 
7.3437500000e+03 6.8319772281e+00 1.4587821457e+00 9.9428234224e+00 3.1108461943e+00 0.0000000000e+00 2.7901125018e+00 
7.6562500000e+03 6.8299889763e+00 1.4589261117e+00 9.9428744140e+00 3.1128854377e+00 0.0000000000e+00 2.9660428531e+00 
7.9687500000e+03 7.0610397608e+00 1.4113122425e+00 9.9500731986e+00 2.8890334378e+00 0.0000000000e+00 2.8280589887e+00 
8.2812500000e+03 7.9667726631e+00 1.2520862515e+00 9.9720154726e+00 2.0052428096e+00 0.0000000000e+00 1.9822796216e+00 
8.5937500000e+03 9.3197525669e+00 1.0721551184e+00 9.9930295602e+00 6.7327699333e-01 0.0000000000e+00 6.6543358355e-01 
8.9062500000e+03 9.8703137178e+00 1.0131037104e+00 9.9988952580e+00 1.2858154025e-01 0.0000000000e+00 1.2615176525e-01 
9.2187500000e+03 9.9763721083e+00 1.0024940598e+00 9.9998828238e+00 2.3510715470e-02 0.0000000000e+00 2.2828037887e-02 
9.5312500000e+03 9.9952841602e+00 1.0006250311e+00 1.0000055696e+01 4.7715362407e-03 0.0000000000e+00 4.5975745356e-03 
9.8437500000e+03 9.9989634866e+00 1.0002616437e+00 1.0000089811e+01 1.1263246911e-03 0.0000000000e+00 1.0861196882e-03 
1.0156250000e+04 9.9998019680e+00 1.0001787209e+00 1.0000097775e+01 2.9580696009e-04 0.0000000000e+00 2.8737953365e-04 
1.0468750000e+04 1.0000018747e+01 1.0001572793e+00 1.0000099891e+01 8.1144862101e-05 0.0000000000e+00 7.9542730186e-05 
1.0781250000e+04 1.0000078076e+01 1.0001514349e+00 1.0000100500e+01 2.2424339527e-05 0.0000000000e+00 2.2148097341e-05 
1.1093750000e+04 1.0000094343e+01 1.0001498599e+00 1.0000100692e+01 6.3486795625e-06 0.0000000000e+00 6.3054809137e-06 
1.1406250000e+04 1.0000098701e+01 1.0001494662e+00 1.0000100769e+01 2.0680422363e-06 0.0000000000e+00 2.0619153650e-06 
1.1718750000e+04 1.0000099845e+01 1.0001493909e+00 1.0000100814e+01 9.6892041608e-07 0.0000000000e+00 9.6813228986e-07 
1.2031250000e+04 1.0000100158e+01 1.0001493980e+00 1.0000100852e+01 6.9347649527e-07 0.0000000000e+00 6.9338454750e-07 
1.2343750000e+04 1.0000100265e+01 1.0001494254e+00 1.0000100887e+01 6.2191784424e-07 0.0000000000e+00 6.2190811508e-07 
1.2656250000e+04 1.0000100323e+01 1.0001494576e+00 1.0000100922e+01 5.9866381472e-07 0.0000000000e+00 5.9866288104e-07 
1.2968750000e+04 1.0000100370e+01 1.0001494908e+00 1.0000100956e+01 5.8664783574e-07 0.0000000000e+00 5.8664775447e-07 
1.3281250000e+04 1.0000100414e+01 1.0001495243e+00 1.0000100991e+01 5.7717363626e-07 0.0000000000e+00 5.7717362985e-07 
1.3593750000e+04 1.0000100462e+01 1.0001495573e+00 1.0000101026e+01 5.6353427639e-07 0.0000000000e+00 5.6353427593e-07 
1.3906250000e+04 1.0000100503e+01 1.0001495910e+00 1.0000101060e+01 5.5752109429e-07 0.0000000000e+00 5.5752109426e-07 
1.4218750000e+04 1.0000100537e+01 1.0001496253e+00 1.0000101094e+01 5.5711497250e-07 0.0000000000e+00 5.5711497250e-07 
1.4531250000e+04 1.0000100574e+01 1.0001496593e+00 1.0000101129e+01 5.5456366131e-07 0.0000000000e+00 5.5456366131e-07 
1.4843750000e+04 1.0000100613e+01 1.0001496930e+00 1.0000101163e+01 5.4979963433e-07 0.0000000000e+00 5.4979963433e-07 
1.5156250000e+04 1.0000100654e+01 1.0001497265e+00 1.0000101197e+01 5.4369867053e-07 0.0000000000e+00 5.4369867053e-07 
1.5468750000e+04 1.0000100695e+01 1.0001497600e+00 1.0000101232e+01 5.3719495505e-07 0.0000000000e+00 5.3719495505e-07 
1.5781250000e+04 1.0000100735e+01 1.0001497935e+00 1.0000101266e+01 5.3086836111e-07 0.0000000000e+00 5.3086836111e-07 
1.6093750000e+04 1.0000100775e+01 1.0001498269e+00 1.0000101300e+01 5.2501795063e-07 0.0000000000e+00 5.2501795063e-07 
1.6406250000e+04 1.0000100815e+01 1.0001498604e+00 1.0000101334e+01 5.1931331359e-07 0.0000000000e+00 5.1931331359e-07 
1.6718750000e+04 1.0000100855e+01 1.0001498937e+00 1.0000101368e+01 5.1340209201e-07 0.0000000000e+00 5.1340209201e-07 
1.7031250000e+04 1.0000100895e+01 1.0001499271e+00 1.0000101402e+01 5.0746293481e-07 0.0000000000e+00 5.0746293481e-07 
1.7343750000e+04 1.0000100935e+01 1.0001499604e+00 1.0000101436e+01 5.0174288300e-07 0.0000000000e+00 5.0174288300e-07 
1.7656250000e+04 1.0000100974e+01 1.0001499937e+00 1.0000101470e+01 4.9658955644e-07 0.0000000000e+00 4.9658955644e-07 
1.7968750000e+04 1.0000101012e+01 1.0001500271e+00 1.0000101504e+01 4.9271080633e-07 0.0000000000e+00 4.9271080633e-07 
1.8281250000e+04 1.0000101047e+01 1.0001500607e+00 1.0000101538e+01 4.9086999801e-07 0.0000000000e+00 4.9086999801e-07 
1.8593750000e+04 1.0000101081e+01 1.0001500945e+00 1.0000101572e+01 4.9132060680e-07 0.0000000000e+00 4.9132060680e-07 
1.8906250000e+04 1.0000101117e+01 1.0001501280e+00 1.0000101606e+01 4.8929841646e-07 0.0000000000e+00 4.8929841646e-07 
1.9218750000e+04 1.0000101123e+01 1.0001501643e+00 1.0000101639e+01 5.1632906898e-07 0.0000000000e+00 5.1632906898e-07 
1.9531250000e+04 1.0000101658e+01 1.0001501478e+00 1.0000101678e+01 1.9864048117e-08 0.0000000000e+00 1.9864048117e-08 
1.9843750000e+04 1.0000100924e+01 1.0001502674e+00 1.0000101712e+01 7.8805636700e-07 0.0000000000e+00 7.8805636700e-07 
