4.5000000000e+00  4.5000000000e+00  4.5000000000e+00  4.5000000000e+00  4.5000000000e+00  4.5000000000e+00  4.5000000000e+00  
2.0000000000e-02 2.9999802614e+00 3.4435147737e-01 3.0000000000e+00 1.9738595675e-05 0.0000000000e+00 0.0000000000e+00 
6.0000000000e-02 2.9999802609e+00 3.4435134013e-01 3.0000000000e+00 1.9739086151e-05 0.0000000000e+00 -1.5790689515e-04 
1.0000000000e-01 2.9999802536e+00 3.4435115685e-01 2.9999999999e+00 1.9746379128e-05 0.0000000000e+00 -4.7369053659e-04 
1.4000000000e-01 2.9999801986e+00 3.4435088904e-01 2.9999999996e+00 1.9800994458e-05 0.0000000000e+00 -9.4726053742e-04 
1.8000000000e-01 2.9999799222e+00 3.4435050657e-01 2.9999999981e+00 2.0075931751e-05 0.0000000000e+00 -1.5783691072e-03 
2.2000000000e-01 2.9999788689e+00 3.4434999568e-01 2.9999999928e+00 2.1123829138e-05 0.0000000000e+00 -2.3663639050e-03 
2.6000000000e-01 2.9999756241e+00 3.4434939171e-01 2.9999999777e+00 2.4353542093e-05 0.0000000000e+00 -3.3097114765e-03 
3.0000000000e-01 2.9999671914e+00 3.4434882976e-01 2.9999999420e+00 3.2750632648e-05 0.0000000000e+00 -4.4052767839e-03 
3.4000000000e-01 2.9999481450e+00 3.4434860125e-01 2.9999998692e+00 5.1724139005e-05 0.0000000000e+00 -5.6474764606e-03 
3.8000000000e-01 2.9999099116e+00 3.4434919589e-01 2.9999997375e+00 8.9825841510e-05 0.0000000000e+00 -7.0275595725e-03 
4.2000000000e-01 2.9998404835e+00 3.4435130812e-01 2.9999995235e+00 1.5904004030e-04 0.0000000000e+00 -8.5333178715e-03 
4.6000000000e-01 2.9997247699e+00 3.4435579802e-01 2.9999992062e+00 2.7443628887e-04 0.0000000000e+00 -1.0149433098e-02 
5.0000000000e-01 2.9995455865e+00 3.4436361359e-01 2.9999987711e+00 4.5318462432e-04 0.0000000000e+00 -1.1858461788e-02 
5.4000000000e-01 2.9992850610e+00 3.4437569579e-01 2.9999982137e+00 7.1315270851e-04 0.0000000000e+00 -1.3642238180e-02 
5.8000000000e-01 2.9989261076e+00 3.4439289189e-01 2.9999975393e+00 1.0714316605e-03 0.0000000000e+00 -1.5483348421e-02 
6.2000000000e-01 2.9984536370e+00 3.4441589685e-01 2.9999967612e+00 1.5431242794e-03 0.0000000000e+00 -1.7366342406e-02 
6.6000000000e-01 2.9978552949e+00 3.4444523023e-01 2.9999958981e+00 2.1406031593e-03 0.0000000000e+00 -1.9278475706e-02 
7.0000000000e-01 2.9971216899e+00 3.4448124412e-01 2.9999949698e+00 2.8732798501e-03 0.0000000000e+00 -2.1209940475e-02 
7.4000000000e-01 2.9962462039e+00 3.4452415113e-01 2.9999939950e+00 3.7477910416e-03 0.0000000000e+00 -2.3153679325e-02 
7.8000000000e-01 2.9952245483e+00 3.4457405990e-01 2.9999929892e+00 4.7684409551e-03 0.0000000000e+00 -2.5104943000e-02 
8.2000000000e-01 2.9940542252e+00 3.4463100864e-01 2.9999919643e+00 5.9377391100e-03 0.0000000000e+00 -2.7060752681e-02 
8.6000000000e-01 2.9927340146e+00 3.4469499182e-01 2.9999909288e+00 7.2569141550e-03 0.0000000000e+00 -2.9019386228e-02 
9.0000000000e-01 2.9912635498e+00 3.4476597843e-01 2.9999898880e+00 8.7263382407e-03 0.0000000000e+00 -3.0979953887e-02 
9.4000000000e-01 2.9896430035e+00 3.4484392302e-01 2.9999888454e+00 1.0345841946e-02 0.0000000000e+00 -3.2942083443e-02 
9.8000000000e-01 2.9878728743e+00 3.4492877144e-01 2.9999878029e+00 1.2114928632e-02 0.0000000000e+00 -3.4905705955e-02 
1.0200000000e+00 2.9859538515e+00 3.4502046323e-01 2.9999867614e+00 1.4032909959e-02 0.0000000000e+00 -3.6870920322e-02 
1.0600000000e+00 2.9838867354e+00 3.4511893207e-01 2.9999857215e+00 1.6098986183e-02 0.0000000000e+00 -3.8837913089e-02 
1.1000000000e+00 2.9816723923e+00 3.4522410539e-01 2.9999846833e+00 1.8312291014e-02 0.0000000000e+00 -4.0806913676e-02 
1.1400000000e+00 2.9793117314e+00 3.4533590353e-01 2.9999836468e+00 2.0671915393e-02 0.0000000000e+00 -4.2778170708e-02 
1.1800000000e+00 2.9768056925e+00 3.4545423886e-01 2.9999826120e+00 2.3176919497e-02 0.0000000000e+00 -4.4751940111e-02 
1.2200000000e+00 2.9741552401e+00 3.4557901470e-01 2.9999815787e+00 2.5826338557e-02 0.0000000000e+00 -4.6728479404e-02 
1.2600000000e+00 2.9713613612e+00 3.4571012448e-01 2.9999805468e+00 2.8619185583e-02 0.0000000000e+00 -4.8708045086e-02 
1.3000000000e+00 2.9684250635e+00 3.4584745068e-01 2.9999795162e+00 3.1554452627e-02 0.0000000000e+00 -5.0690891483e-02 
1.3400000000e+00 2.9653473753e+00 3.4599086391e-01 2.9999784867e+00 3.4631111392e-02 0.0000000000e+00 -5.2677270266e-02 
1.3800000000e+00 2.9621293448e+00 3.4614022201e-01 2.9999774584e+00 3.7848113546e-02 0.0000000000e+00 -5.4667430255e-02 
1.4200000000e+00 2.9587720400e+00 3.4629536906e-01 2.9999764309e+00 4.1204390933e-02 0.0000000000e+00 -5.6661617336e-02 
1.4600000000e+00 2.9552765486e+00 3.4645613456e-01 2.9999754043e+00 4.4698855735e-02 0.0000000000e+00 -5.8660074424e-02 
1.5000000000e+00 2.9516439778e+00 3.4662233257e-01 2.9999743784e+00 4.8330400629e-02 0.0000000000e+00 -6.0663041446e-02 
1.5400000000e+00 2.9478754542e+00 3.4679376097e-01 2.9999733531e+00 5.2097898941e-02 0.0000000000e+00 -6.2670755324e-02 
1.5800000000e+00 2.9439721235e+00 3.4697020080e-01 2.9999723283e+00 5.6000204805e-02 0.0000000000e+00 -6.4683449948e-02 
1.6200000000e+00 2.9399351506e+00 3.4715141576e-01 2.9999713040e+00 6.0036153332e-02 0.0000000000e+00 -6.6701356162e-02 
1.6600000000e+00 2.9357657191e+00 3.4733715182e-01 2.9999702799e+00 6.4204560779e-02 0.0000000000e+00 -6.8724701733e-02 
1.7000000000e+00 2.9314650312e+00 3.4752713709e-01 2.9999692560e+00 6.8504224740e-02 0.0000000000e+00 -7.0753711320e-02 
1.7400000000e+00 2.9270343079e+00 3.4772108182e-01 2.9999682322e+00 7.2933924326e-02 0.0000000000e+00 -7.2788606438e-02 
1.7800000000e+00 2.9224747881e+00 3.4791867875e-01 2.9999672084e+00 7.7492420367e-02 0.0000000000e+00 -7.4829605425e-02 
1.8200000000e+00 2.9177877290e+00 3.4811960371e-01 2.9999661846e+00 8.2178455616e-02 0.0000000000e+00 -7.6876923389e-02 
1.8600000000e+00 2.9129744057e+00 3.4832351650e-01 2.9999651606e+00 8.6990754962e-02 0.0000000000e+00 -7.8930772168e-02 
1.9000000000e+00 2.9080361108e+00 3.4853006223e-01 2.9999641364e+00 9.1928025647e-02 0.0000000000e+00 -8.0991360276e-02 
1.9400000000e+00 2.9029741545e+00 3.4873887294e-01 2.9999631120e+00 9.6988957497e-02 0.0000000000e+00 -8.3058892842e-02 
1.9800000000e+00 2.8977898639e+00 3.4894956970e-01 2.9999620871e+00 1.0217222316e-01 0.0000000000e+00 -8.5133571557e-02 
2.0200000000e+00 2.8924845835e+00 3.4916176513e-01 2.9999610618e+00 1.0747647833e-01 0.0000000000e+00 -8.7215594601e-02 
2.0600000000e+00 2.8870596739e+00 3.4937506634e-01 2.9999600360e+00 1.1290036203e-01 0.0000000000e+00 -8.9305156580e-02 
2.1000000000e+00 2.8815165127e+00 3.4958907839e-01 2.9999590096e+00 1.1844249685e-01 0.0000000000e+00 -9.1402448449e-02 
2.1400000000e+00 2.8758564934e+00 3.4980340813e-01 2.9999579826e+00 1.2410148920e-01 0.0000000000e+00 -9.3507657432e-02 
2.1800000000e+00 2.8700810253e+00 3.5001766860e-01 2.9999569549e+00 1.2987592961e-01 0.0000000000e+00 -9.5620966945e-02 
2.2200000000e+00 2.8641915334e+00 3.5023148377e-01 2.9999559264e+00 1.3576439301e-01 0.0000000000e+00 -9.7742556501e-02 
2.2600000000e+00 2.8581894582e+00 3.5044449376e-01 2.9999548972e+00 1.4176543898e-01 0.0000000000e+00 -9.9872601625e-02 
2.3000000000e+00 2.8520762550e+00 3.5065636038e-01 2.9999538671e+00 1.4787761210e-01 0.0000000000e+00 -1.0201127375e-01 
2.3400000000e+00 2.8458533939e+00 3.5086677301e-01 2.9999528362e+00 1.5409944221e-01 0.0000000000e+00 -1.0415874014e-01 
2.3800000000e+00 2.8395223595e+00 3.5107545477e-01 2.9999518043e+00 1.6042944474e-01 0.0000000000e+00 -1.0631516374e-01 
2.4200000000e+00 2.8330846504e+00 3.5128216874e-01 2.9999507715e+00 1.6686612104e-01 0.0000000000e+00 -1.0848070311e-01 
2.4600000000e+00 2.8265417790e+00 3.5148672441e-01 2.9999497376e+00 1.7340795868e-01 0.0000000000e+00 -1.1065551228e-01 
2.5000000000e+00 2.8198952710e+00 3.5168898399e-01 2.9999487028e+00 1.8005343178e-01 0.0000000000e+00 -1.1283974067e-01 
2.5400000000e+00 2.8131466655e+00 3.5188886859e-01 2.9999476669e+00 1.8680100140e-01 0.0000000000e+00 -1.1503353291e-01 
2.5800000000e+00 2.8062975141e+00 3.5208636421e-01 2.9999466299e+00 1.9364911584e-01 0.0000000000e+00 -1.1723702877e-01 
2.6200000000e+00 2.7993493809e+00 3.5228152718e-01 2.9999455919e+00 2.0059621099e-01 0.0000000000e+00 -1.1945036298e-01 
2.6600000000e+00 2.7923038420e+00 3.5247448923e-01 2.9999445527e+00 2.0764071074e-01 0.0000000000e+00 -1.2167366513e-01 
2.7000000000e+00 2.7851624852e+00 3.5266546173e-01 2.9999435125e+00 2.1478102730e-01 0.0000000000e+00 -1.2390705950e-01 
2.7400000000e+00 2.7779269094e+00 3.5285473917e-01 2.9999424711e+00 2.2201556162e-01 0.0000000000e+00 -1.2615066495e-01 
2.7800000000e+00 2.7705987248e+00 3.5304270169e-01 2.9999414285e+00 2.2934270373e-01 0.0000000000e+00 -1.2840459472e-01 
2.8200000000e+00 2.7631795517e+00 3.5322981650e-01 2.9999403849e+00 2.3676083316e-01 0.0000000000e+00 -1.3066895631e-01 
2.8600000000e+00 2.7556710207e+00 3.5341663812e-01 2.9999393401e+00 2.4426831934e-01 0.0000000000e+00 -1.3294385133e-01 
2.9000000000e+00 2.7480747722e+00 3.5360380733e-01 2.9999382942e+00 2.5186352200e-01 0.0000000000e+00 -1.3522937530e-01 
2.9400000000e+00 2.7403924556e+00 3.5379204874e-01 2.9999372471e+00 2.5954479155e-01 0.0000000000e+00 -1.3752561752e-01 
2.9800000000e+00 2.7326257294e+00 3.5398216698e-01 2.9999361990e+00 2.6731046957e-01 0.0000000000e+00 -1.3983266085e-01 
3.0200000000e+00 2.7247762606e+00 3.5417504142e-01 2.9999351498e+00 2.7515888914e-01 0.0000000000e+00 -1.4215058160e-01 
3.0600000000e+00 2.7168457241e+00 3.5437161938e-01 2.9999340995e+00 2.8308837537e-01 0.0000000000e+00 -1.4447944929e-01 
3.1000000000e+00 2.7088358024e+00 3.5457290778e-01 2.9999330482e+00 2.9109724576e-01 0.0000000000e+00 -1.4681932649e-01 
3.1400000000e+00 2.7007481852e+00 3.5477996421e-01 2.9999319958e+00 2.9918381069e-01 0.0000000000e+00 -1.4917026866e-01 
3.1800000000e+00 2.6925845687e+00 3.5499389192e-01 2.9999309425e+00 3.0734637385e-01 0.0000000000e+00 -1.5153232388e-01 
3.2200000000e+00 2.6843466556e+00 3.5521583180e-01 2.9999298883e+00 3.1558323270e-01 0.0000000000e+00 -1.5390553275e-01 
3.2600000000e+00 2.6760361542e+00 3.5544807113e-01 2.9999288331e+00 3.2389267893e-01 0.0000000000e+00 -1.5628992811e-01 
3.3000000000e+00 2.6676547781e+00 3.5569229092e-01 2.9999277771e+00 3.3227299895e-01 0.0000000000e+00 -1.5868553488e-01 
3.3400000000e+00 2.6592042459e+00 3.5594961213e-01 2.9999267202e+00 3.4072247432e-01 0.0000000000e+00 -1.6109236986e-01 
3.3800000000e+00 2.6506862803e+00 3.5622112052e-01 2.9999256626e+00 3.4923938226e-01 0.0000000000e+00 -1.6351044148e-01 
3.4200000000e+00 2.6421026081e+00 3.5650784612e-01 2.9999246043e+00 3.5782199614e-01 0.0000000000e+00 -1.6593974961e-01 
3.4600000000e+00 2.6334549594e+00 3.5681075509e-01 2.9999235453e+00 3.6646858594e-01 0.0000000000e+00 -1.6838028537e-01 
3.5000000000e+00 2.6247450670e+00 3.5713074129e-01 2.9999224858e+00 3.7517741878e-01 0.0000000000e+00 -1.7083203085e-01 
3.5400000000e+00 2.6159746663e+00 3.5746861929e-01 2.9999214257e+00 3.8394675937e-01 0.0000000000e+00 -1.7329495896e-01 
3.5800000000e+00 2.6071454946e+00 3.5782511920e-01 2.9999203651e+00 3.9277487056e-01 0.0000000000e+00 -1.7576903313e-01 
3.6200000000e+00 2.5982592904e+00 3.5820088282e-01 2.9999193042e+00 4.0166001383e-01 0.0000000000e+00 -1.7825420714e-01 
3.6600000000e+00 2.5893177932e+00 3.5859646139e-01 2.9999182430e+00 4.1060044978e-01 0.0000000000e+00 -1.8075042489e-01 
3.7000000000e+00 2.5803227429e+00 3.5901231463e-01 2.9999171816e+00 4.1959443869e-01 0.0000000000e+00 -1.8325762013e-01 
3.7400000000e+00 2.5712758791e+00 3.5944881078e-01 2.9999161200e+00 4.2864024097e-01 0.0000000000e+00 -1.8577571626e-01 
3.7800000000e+00 2.5621789407e+00 3.5990622735e-01 2.9999150584e+00 4.3773611776e-01 0.0000000000e+00 -1.8830462607e-01 
3.8200000000e+00 2.5530336655e+00 3.6038475431e-01 2.9999139969e+00 4.4688033139e-01 0.0000000000e+00 -1.9084425155e-01 
3.8600000000e+00 2.5438417896e+00 3.6088449764e-01 2.9999129355e+00 4.5607114593e-01 0.0000000000e+00 -1.9339448361e-01 
3.9000000000e+00 2.5346050466e+00 3.6140548369e-01 2.9999118743e+00 4.6530682772e-01 0.0000000000e+00 -1.9595520186e-01 
3.9400000000e+00 2.5253251676e+00 3.6194766427e-01 2.9999108135e+00 4.7458564591e-01 0.0000000000e+00 -1.9852627436e-01 
3.9800000000e+00 2.5160038802e+00 3.6251092234e-01 2.9999097532e+00 4.8390587297e-01 0.0000000000e+00 -2.0110755742e-01 
4.0200000000e+00 2.5066429082e+00 3.6309507807e-01 2.9999086934e+00 4.9326578522e-01 0.0000000000e+00 -2.0369889532e-01 
4.0600000000e+00 2.4972439709e+00 3.6369989521e-01 2.9999076343e+00 5.0266366339e-01 0.0000000000e+00 -2.0630012010e-01 
4.1000000000e+00 2.4878087829e+00 3.6432508759e-01 2.9999065760e+00 5.1209779313e-01 0.0000000000e+00 -2.0891105129e-01 
4.1400000000e+00 2.4783390531e+00 3.6497032574e-01 2.9999055187e+00 5.2156646556e-01 0.0000000000e+00 -2.1153149575e-01 
4.1800000000e+00 2.4688364846e+00 3.6563524333e-01 2.9999044624e+00 5.3106797779e-01 0.0000000000e+00 -2.1416124733e-01 
4.2200000000e+00 2.4593027738e+00 3.6631944351e-01 2.9999034073e+00 5.4060063345e-01 0.0000000000e+00 -2.1680008673e-01 
4.2600000000e+00 2.4497396102e+00 3.6702250497e-01 2.9999023534e+00 5.5016274326e-01 0.0000000000e+00 -2.1944778123e-01 
4.3000000000e+00 2.4401486756e+00 3.6774398772e-01 2.9999013011e+00 5.5975262551e-01 0.0000000000e+00 -2.2210408446e-01 
4.3400000000e+00 2.4305316437e+00 3.6848343841e-01 2.9999002503e+00 5.6936860661e-01 0.0000000000e+00 -2.2476873620e-01 
4.3800000000e+00 2.4208901796e+00 3.6924039536e-01 2.9998992012e+00 5.7900902162e-01 0.0000000000e+00 -2.2744146213e-01 
4.4200000000e+00 2.4112259393e+00 3.7001439300e-01 2.9998981541e+00 5.8867221478e-01 0.0000000000e+00 -2.3012197362e-01 
4.4600000000e+00 2.4015405689e+00 3.7080496596e-01 2.9998971089e+00 5.9835654001e-01 0.0000000000e+00 -2.3280996754e-01 
4.5000000000e+00 2.3918357044e+00 3.7161165262e-01 2.9998960659e+00 6.0806036144e-01 0.0000000000e+00 -2.3550512603e-01 
4.5400000000e+00 2.3821129713e+00 3.7243399821e-01 2.9998950252e+00 6.1778205393e-01 0.0000000000e+00 -2.3820711628e-01 
4.5800000000e+00 2.3723739834e+00 3.7327155746e-01 2.9998939870e+00 6.2752000356e-01 0.0000000000e+00 -2.4091559037e-01 
4.6200000000e+00 2.3626203432e+00 3.7412389678e-01 2.9998929514e+00 6.3727260814e-01 0.0000000000e+00 -2.4363018506e-01 
4.6600000000e+00 2.3528536409e+00 3.7499059605e-01 2.9998919186e+00 6.4703827772e-01 0.0000000000e+00 -2.4635052158e-01 
4.7000000000e+00 2.3430754537e+00 3.7587125000e-01 2.9998908887e+00 6.5681543507e-01 0.0000000000e+00 -2.4907620548e-01 
4.7400000000e+00 2.3332873459e+00 3.7676546922e-01 2.9998898620e+00 6.6660251616e-01 0.0000000000e+00 -2.5180682644e-01 
4.7800000000e+00 2.3234908679e+00 3.7767288090e-01 2.9998888386e+00 6.7639797065e-01 0.0000000000e+00 -2.5454195811e-01 
4.8200000000e+00 2.3136875562e+00 3.7859312914e-01 2.9998878185e+00 6.8620026238e-01 0.0000000000e+00 -2.5728115792e-01 
4.8600000000e+00 2.3038789324e+00 3.7952587502e-01 2.9998868022e+00 6.9600786979e-01 0.0000000000e+00 -2.6002396700e-01 
4.9000000000e+00 2.2940665031e+00 3.8047079666e-01 2.9998857895e+00 7.0581928640e-01 0.0000000000e+00 -2.6276990996e-01 
4.9400000000e+00 2.2842517596e+00 3.8142758890e-01 2.9998847809e+00 7.1563302128e-01 0.0000000000e+00 -2.6551849478e-01 
4.9800000000e+00 2.2744361769e+00 3.8239596288e-01 2.9998837764e+00 7.2544759944e-01 0.0000000000e+00 -2.6826921271e-01 
5.0200000000e+00 2.2646212139e+00 3.8337564542e-01 2.9998827762e+00 7.3526156231e-01 0.0000000000e+00 -2.7102153812e-01 
5.0600000000e+00 2.2548083123e+00 3.8436637835e-01 2.9998817804e+00 7.4507346810e-01 0.0000000000e+00 -2.7377492843e-01 
5.1000000000e+00 2.2449988971e+00 3.8536791780e-01 2.9998807894e+00 7.5488189228e-01 0.0000000000e+00 -2.7652882398e-01 
5.1400000000e+00 2.2351943752e+00 3.8638003328e-01 2.9998798031e+00 7.6468542793e-01 0.0000000000e+00 -2.7928264794e-01 
5.1800000000e+00 2.2253961358e+00 3.8740250694e-01 2.9998788219e+00 7.7448268612e-01 0.0000000000e+00 -2.8203580629e-01 
5.2200000000e+00 2.2156055495e+00 3.8843513263e-01 2.9998778458e+00 7.8427229632e-01 0.0000000000e+00 -2.8478768771e-01 
5.2600000000e+00 2.2058239684e+00 3.8947771509e-01 2.9998768752e+00 7.9405290675e-01 0.0000000000e+00 -2.8753766352e-01 
5.3000000000e+00 2.1960527253e+00 3.9053006904e-01 2.9998759100e+00 8.0382318472e-01 0.0000000000e+00 -2.9028508769e-01 
5.3400000000e+00 2.1862931337e+00 3.9159201838e-01 2.9998749506e+00 8.1358181698e-01 0.0000000000e+00 -2.9302929679e-01 
5.3800000000e+00 2.1765464871e+00 3.9266339537e-01 2.9998739971e+00 8.2332751005e-01 0.0000000000e+00 -2.9576960994e-01 
5.4200000000e+00 2.1668140592e+00 3.9374403984e-01 2.9998730497e+00 8.3305899052e-01 0.0000000000e+00 -2.9850532888e-01 
5.4600000000e+00 2.1570971032e+00 3.9483379844e-01 2.9998721086e+00 8.4277500535e-01 0.0000000000e+00 -3.0123573793e-01 
5.5000000000e+00 2.1473968516e+00 3.9593252399e-01 2.9998711738e+00 8.5247432217e-01 0.0000000000e+00 -3.0396010402e-01 
5.5400000000e+00 2.1377145162e+00 3.9704007498e-01 2.9998702457e+00 8.6215572952e-01 0.0000000000e+00 -3.0667767676e-01 
5.5800000000e+00 2.1280512872e+00 3.9815631479e-01 2.9998693243e+00 8.7181803716e-01 0.0000000000e+00 -3.0938768847e-01 
5.6200000000e+00 2.1184083337e+00 3.9928111122e-01 2.9998684099e+00 8.8146007624e-01 0.0000000000e+00 -3.1208935424e-01 
5.6600000000e+00 2.1087868031e+00 4.0041433592e-01 2.9998675027e+00 8.9108069960e-01 0.0000000000e+00 -3.1478187204e-01 
5.7000000000e+00 2.0991878208e+00 4.0155586403e-01 2.9998666027e+00 9.0067878191e-01 0.0000000000e+00 -3.1746442280e-01 
5.7400000000e+00 2.0896124902e+00 4.0270557375e-01 2.9998657102e+00 9.1025321995e-01 0.0000000000e+00 -3.2013617049e-01 
5.7800000000e+00 2.0800618926e+00 4.0386334594e-01 2.9998648253e+00 9.1980293269e-01 0.0000000000e+00 -3.2279626232e-01 
5.8200000000e+00 2.0705370866e+00 4.0502906386e-01 2.9998639482e+00 9.2932686155e-01 0.0000000000e+00 -3.2544382880e-01 
5.8600000000e+00 2.0610391086e+00 4.0620261284e-01 2.9998630790e+00 9.3882397049e-01 0.0000000000e+00 -3.2807798396e-01 
5.9000000000e+00 2.0515689719e+00 4.0738388006e-01 2.9998622180e+00 9.4829324616e-01 0.0000000000e+00 -3.3069782546e-01 
5.9400000000e+00 2.0421276672e+00 4.0857275430e-01 2.9998613653e+00 9.5773369804e-01 0.0000000000e+00 -3.3330243483e-01 
5.9800000000e+00 2.0327161624e+00 4.0976912582e-01 2.9998605209e+00 9.6714435850e-01 0.0000000000e+00 -3.3589087764e-01 
6.0200000000e+00 2.0233354023e+00 4.1097288613e-01 2.9998596852e+00 9.7652428293e-01 0.0000000000e+00 -3.3846220371e-01 
6.0600000000e+00 2.0139863084e+00 4.1218392790e-01 2.9998588582e+00 9.8587254977e-01 0.0000000000e+00 -3.4101544733e-01 
6.1000000000e+00 2.0046697794e+00 4.1340214484e-01 2.9998580400e+00 9.9518826060e-01 0.0000000000e+00 -3.4354962756e-01 
6.1400000000e+00 1.9953866908e+00 4.1462743162e-01 2.9998572309e+00 1.0044705402e+00 0.0000000000e+00 -3.4606374842e-01 
6.1800000000e+00 1.9861378946e+00 4.1585968377e-01 2.9998564310e+00 1.0137185364e+00 0.0000000000e+00 -3.4855679918e-01 
6.2200000000e+00 1.9769242199e+00 4.1709879767e-01 2.9998556403e+00 1.0229314204e+00 0.0000000000e+00 -3.5102775469e-01 
6.2600000000e+00 1.9677464726e+00 4.1834467047e-01 2.9998548591e+00 1.0321083865e+00 0.0000000000e+00 -3.5347557562e-01 
6.3000000000e+00 1.9586054352e+00 4.1959720007e-01 2.9998540874e+00 1.0412486521e+00 0.0000000000e+00 -3.5589920880e-01 
6.3400000000e+00 1.9495018674e+00 4.2085628512e-01 2.9998533254e+00 1.0503514580e+00 0.0000000000e+00 -3.5829758757e-01 
6.3800000000e+00 1.9404365056e+00 4.2212182497e-01 2.9998525732e+00 1.0594160676e+00 0.0000000000e+00 -3.6066963208e-01 
6.4200000000e+00 1.9314100632e+00 4.2339371971e-01 2.9998518309e+00 1.0684417678e+00 0.0000000000e+00 -3.6301424968e-01 
6.4600000000e+00 1.9224232307e+00 4.2467187014e-01 2.9998510987e+00 1.0774278680e+00 0.0000000000e+00 -3.6533033527e-01 
6.5000000000e+00 1.9134766759e+00 4.2595617782e-01 2.9998503767e+00 1.0863737008e+00 0.0000000000e+00 -3.6761677167e-01 
6.5400000000e+00 1.9045710436e+00 4.2724654503e-01 2.9998496649e+00 1.0952786213e+00 0.0000000000e+00 -3.6987243004e-01 
6.5800000000e+00 1.8957069563e+00 4.2854287482e-01 2.9998489634e+00 1.1041420071e+00 0.0000000000e+00 -3.7209617028e-01 
6.6200000000e+00 1.8868850139e+00 4.2984507104e-01 2.9998482724e+00 1.1129632585e+00 0.0000000000e+00 -3.7428684141e-01 
6.6600000000e+00 1.8781057940e+00 4.3115303833e-01 2.9998475920e+00 1.1217417980e+00 0.0000000000e+00 -3.7644328204e-01 
6.7000000000e+00 1.8693698521e+00 4.3246668218e-01 2.9998469222e+00 1.1304770701e+00 0.0000000000e+00 -3.7856432080e-01 
6.7400000000e+00 1.8606777217e+00 4.3378590891e-01 2.9998462632e+00 1.1391685415e+00 0.0000000000e+00 -3.8064877678e-01 
6.7800000000e+00 1.8520299145e+00 4.3511062577e-01 2.9998456149e+00 1.1478157005e+00 0.0000000000e+00 -3.8269545998e-01 
6.8200000000e+00 1.8434269206e+00 4.3644074087e-01 2.9998449776e+00 1.1564180570e+00 0.0000000000e+00 -3.8470317178e-01 
6.8600000000e+00 1.8348692089e+00 4.3777616329e-01 2.9998443512e+00 1.1649751423e+00 0.0000000000e+00 -3.8667070546e-01 
6.9000000000e+00 1.8263572270e+00 4.3911680308e-01 2.9998437359e+00 1.1734865088e+00 0.0000000000e+00 -3.8859684663e-01 
6.9400000000e+00 1.8178914017e+00 4.4046257127e-01 2.9998431316e+00 1.1819517299e+00 0.0000000000e+00 -3.9048037374e-01 
6.9800000000e+00 1.8094721389e+00 4.4181337992e-01 2.9998425385e+00 1.1903703996e+00 0.0000000000e+00 -3.9232005862e-01 
7.0200000000e+00 1.8010998244e+00 4.4316914215e-01 2.9998419566e+00 1.1987421322e+00 0.0000000000e+00 -3.9411466693e-01 
7.0600000000e+00 1.7927748236e+00 4.4452977216e-01 2.9998413860e+00 1.2070665624e+00 0.0000000000e+00 -3.9586295873e-01 
7.1000000000e+00 1.7844974821e+00 4.4589518523e-01 2.9998408267e+00 1.2153433446e+00 0.0000000000e+00 -3.9756368898e-01 
7.1400000000e+00 1.7762681259e+00 4.4726529779e-01 2.9998402787e+00 1.2235721529e+00 0.0000000000e+00 -3.9921560804e-01 
7.1800000000e+00 1.7680870616e+00 4.4864002745e-01 2.9998397422e+00 1.2317526805e+00 0.0000000000e+00 -4.0081746228e-01 
7.2200000000e+00 1.7599545770e+00 4.5001929295e-01 2.9998392171e+00 1.2398846400e+00 0.0000000000e+00 -4.0236799454e-01 
7.2600000000e+00 1.7518709410e+00 4.5140301428e-01 2.9998387034e+00 1.2479677624e+00 0.0000000000e+00 -4.0386594473e-01 
7.3000000000e+00 1.7438364039e+00 4.5279111265e-01 2.9998382012e+00 1.2560017973e+00 0.0000000000e+00 -4.0531005034e-01 
7.3400000000e+00 1.7358511982e+00 4.5418351051e-01 2.9998377105e+00 1.2639865123e+00 0.0000000000e+00 -4.0669904703e-01 
7.3800000000e+00 1.7279155385e+00 4.5558013160e-01 2.9998372313e+00 1.2719216928e+00 0.0000000000e+00 -4.0803166914e-01 
7.4200000000e+00 1.7200296220e+00 4.5698090093e-01 2.9998367637e+00 1.2798071418e+00 0.0000000000e+00 -4.0930665028e-01 
7.4600000000e+00 1.7121936284e+00 4.5838574485e-01 2.9998363076e+00 1.2876426792e+00 0.0000000000e+00 -4.1052272389e-01 
7.5000000000e+00 1.7044077212e+00 4.5979459105e-01 2.9998358631e+00 1.2954281420e+00 0.0000000000e+00 -4.1167862378e-01 
7.5400000000e+00 1.6966720468e+00 4.6120736854e-01 2.9998354302e+00 1.3031633833e+00 0.0000000000e+00 -4.1277308469e-01 
7.5800000000e+00 1.6889867360e+00 4.6262400773e-01 2.9998350087e+00 1.3108482727e+00 0.0000000000e+00 -4.1380484290e-01 
7.6200000000e+00 1.6813519035e+00 4.6404444041e-01 2.9998345989e+00 1.3184826954e+00 0.0000000000e+00 -4.1477263671e-01 
7.6600000000e+00 1.6737676487e+00 4.6546859975e-01 2.9998342006e+00 1.3260665519e+00 0.0000000000e+00 -4.1567520710e-01 
7.7000000000e+00 1.6662340556e+00 4.6689642038e-01 2.9998338138e+00 1.3335997581e+00 0.0000000000e+00 -4.1651129819e-01 
7.7400000000e+00 1.6587511940e+00 4.6832783833e-01 2.9998334385e+00 1.3410822445e+00 0.0000000000e+00 -4.1727965789e-01 
7.7800000000e+00 1.6513191188e+00 4.6976279108e-01 2.9998330748e+00 1.3485139559e+00 0.0000000000e+00 -4.1797903841e-01 
7.8200000000e+00 1.6439378711e+00 4.7120121756e-01 2.9998327225e+00 1.3558948513e+00 0.0000000000e+00 -4.1860819681e-01 
7.8600000000e+00 1.6366074783e+00 4.7264305820e-01 2.9998323816e+00 1.3632249033e+00 0.0000000000e+00 -4.1916589560e-01 
7.9000000000e+00 1.6293279543e+00 4.7408825487e-01 2.9998320522e+00 1.3705040979e+00 0.0000000000e+00 -4.1965090324e-01 
7.9400000000e+00 1.6220993002e+00 4.7553675095e-01 2.9998317342e+00 1.3777324340e+00 0.0000000000e+00 -4.2006199472e-01 
7.9800000000e+00 1.6149215044e+00 4.7698849130e-01 2.9998314275e+00 1.3849099232e+00 0.0000000000e+00 -4.2039795209e-01 
8.0200000000e+00 1.6077945429e+00 4.7844342232e-01 2.9998311322e+00 1.3920365893e+00 0.0000000000e+00 -4.2065756502e-01 
8.0600000000e+00 1.6007183798e+00 4.7990149188e-01 2.9998308481e+00 1.3991124683e+00 0.0000000000e+00 -4.2083963132e-01 
8.1000000000e+00 1.5936929679e+00 4.8136264941e-01 2.9998305753e+00 1.4061376075e+00 0.0000000000e+00 -4.2094295747e-01 
8.1400000000e+00 1.5867182483e+00 4.8282684582e-01 2.9998303138e+00 1.4131120655e+00 0.0000000000e+00 -4.2096635915e-01 
8.1800000000e+00 1.5797941514e+00 4.8429403359e-01 2.9998300633e+00 1.4200359119e+00 0.0000000000e+00 -4.2090866179e-01 
8.2200000000e+00 1.5729205972e+00 4.8576416672e-01 2.9998298240e+00 1.4269092268e+00 0.0000000000e+00 -4.2076870103e-01 
8.2600000000e+00 1.5660974952e+00 4.8723720074e-01 2.9998295957e+00 1.4337321005e+00 0.0000000000e+00 -4.2054532328e-01 
8.3000000000e+00 1.5593247453e+00 4.8871309274e-01 2.9998293785e+00 1.4405046332e+00 0.0000000000e+00 -4.2023738622e-01 
8.3400000000e+00 1.5526022375e+00 4.9019180134e-01 2.9998291722e+00 1.4472269347e+00 0.0000000000e+00 -4.1984375926e-01 
8.3800000000e+00 1.5459298530e+00 4.9167328671e-01 2.9998289768e+00 1.4538991238e+00 0.0000000000e+00 -4.1936332408e-01 
8.4200000000e+00 1.5393074638e+00 4.9315751056e-01 2.9998287923e+00 1.4605213285e+00 0.0000000000e+00 -4.1879497509e-01 
8.4600000000e+00 1.5327349334e+00 4.9464443617e-01 2.9998286186e+00 1.4670936852e+00 0.0000000000e+00 -4.1813761990e-01 
8.5000000000e+00 1.5262121172e+00 4.9613402834e-01 2.9998284556e+00 1.4736163384e+00 0.0000000000e+00 -4.1739017981e-01 
8.5400000000e+00 1.5197388624e+00 4.9762625344e-01 2.9998283032e+00 1.4800894408e+00 0.0000000000e+00 -4.1655159029e-01 
8.5800000000e+00 1.5133150089e+00 4.9912107937e-01 2.9998281615e+00 1.4865131526e+00 0.0000000000e+00 -4.1562080138e-01 
8.6200000000e+00 1.5069403891e+00 5.0061847559e-01 2.9998280304e+00 1.4928876413e+00 0.0000000000e+00 -4.1459677819e-01 
8.6600000000e+00 1.5006148284e+00 5.0211841310e-01 2.9998279097e+00 1.4992130813e+00 0.0000000000e+00 -4.1347850133e-01 
8.7000000000e+00 1.4943381456e+00 5.0362086444e-01 2.9998277995e+00 1.5054896539e+00 0.0000000000e+00 -4.1226496731e-01 
8.7400000000e+00 1.4881101530e+00 5.0512580369e-01 2.9998276996e+00 1.5117175466e+00 0.0000000000e+00 -4.1095518902e-01 
8.7800000000e+00 1.4819306568e+00 5.0663320647e-01 2.9998276100e+00 1.5178969532e+00 0.0000000000e+00 -4.0954819611e-01 
8.8200000000e+00 1.4757994574e+00 5.0814304994e-01 2.9998275307e+00 1.5240280733e+00 0.0000000000e+00 -4.0804303541e-01 
8.8600000000e+00 1.4697163496e+00 5.0965531278e-01 2.9998274615e+00 1.5301111120e+00 0.0000000000e+00 -4.0643877130e-01 
8.9000000000e+00 1.4636811230e+00 5.1116997520e-01 2.9998274025e+00 1.5361462795e+00 0.0000000000e+00 -4.0473448616e-01 
8.9400000000e+00 1.4576935620e+00 5.1268701894e-01 2.9998273535e+00 1.5421337914e+00 0.0000000000e+00 -4.0292928071e-01 
8.9800000000e+00 1.4517534466e+00 5.1420642726e-01 2.9998273144e+00 1.5480738678e+00 0.0000000000e+00 -4.0102227439e-01 
9.0200000000e+00 1.4458605521e+00 5.1572818494e-01 2.9998272853e+00 1.5539667332e+00 0.0000000000e+00 -3.9901260574e-01 
9.0600000000e+00 1.4400146496e+00 5.1725227826e-01 2.9998272660e+00 1.5598126164e+00 0.0000000000e+00 -3.9689943274e-01 
9.1000000000e+00 1.4342155062e+00 5.1877869503e-01 2.9998272565e+00 1.5656117503e+00 0.0000000000e+00 -3.9468193318e-01 
9.1400000000e+00 1.4284628855e+00 5.2030742453e-01 2.9998272568e+00 1.5713643713e+00 0.0000000000e+00 -3.9235930497e-01 
9.1800000000e+00 1.4227565472e+00 5.2183845758e-01 2.9998272667e+00 1.5770707194e+00 0.0000000000e+00 -3.8993076650e-01 
9.2200000000e+00 1.4170962482e+00 5.2337178647e-01 2.9998272861e+00 1.5827310379e+00 0.0000000000e+00 -3.8739555694e-01 
9.2600000000e+00 1.4114817422e+00 5.2490740499e-01 2.9998273152e+00 1.5883455729e+00 0.0000000000e+00 -3.8475293657e-01 
9.3000000000e+00 1.4059127801e+00 5.2644530841e-01 2.9998273536e+00 1.5939145735e+00 0.0000000000e+00 -3.8200218709e-01 
9.3400000000e+00 1.4003891103e+00 5.2798549351e-01 2.9998274016e+00 1.5994382913e+00 0.0000000000e+00 -3.7914261188e-01 
9.3800000000e+00 1.3949104787e+00 5.2952795852e-01 2.9998274588e+00 1.6049169801e+00 0.0000000000e+00 -3.7617353632e-01 
9.4200000000e+00 1.3894766294e+00 5.3107270315e-01 2.9998275254e+00 1.6103508960e+00 0.0000000000e+00 -3.7309430809e-01 
9.4600000000e+00 1.3840873042e+00 5.3261972862e-01 2.9998276012e+00 1.6157402970e+00 0.0000000000e+00 -3.6990429737e-01 
9.5000000000e+00 1.3787422434e+00 5.3416903758e-01 2.9998276862e+00 1.6210854427e+00 0.0000000000e+00 -3.6660289717e-01 
9.5400000000e+00 1.3734411859e+00 5.3572063416e-01 2.9998277803e+00 1.6263865945e+00 0.0000000000e+00 -3.6318952355e-01 
9.5800000000e+00 1.3681838688e+00 5.3727452397e-01 2.9998278835e+00 1.6316440147e+00 0.0000000000e+00 -3.5966361588e-01 
9.6200000000e+00 1.3629700287e+00 5.3883071408e-01 2.9998279958e+00 1.6368579671e+00 0.0000000000e+00 -3.5602463706e-01 
9.6600000000e+00 1.3577994007e+00 5.4038921303e-01 2.9998281171e+00 1.6420287163e+00 0.0000000000e+00 -3.5227207376e-01 
9.7000000000e+00 1.3526717195e+00 5.4195003081e-01 2.9998282473e+00 1.6471565277e+00 0.0000000000e+00 -3.4840543665e-01 
9.7400000000e+00 1.3475867191e+00 5.4351317890e-01 2.9998283863e+00 1.6522416673e+00 0.0000000000e+00 -3.4442426059e-01 
9.7800000000e+00 1.3425441329e+00 5.4507867026e-01 2.9998285343e+00 1.6572844014e+00 0.0000000000e+00 -3.4032810486e-01 
9.8200000000e+00 1.3375436944e+00 5.4664651933e-01 2.9998286911e+00 1.6622849967e+00 0.0000000000e+00 -3.3611655331e-01 
9.8600000000e+00 1.3325851366e+00 5.4821674203e-01 2.9998288566e+00 1.6672437200e+00 0.0000000000e+00 -3.3178921464e-01 
9.9000000000e+00 1.3276681931e+00 5.4978935582e-01 2.9998290309e+00 1.6721608379e+00 0.0000000000e+00 -3.2734572246e-01 
9.9400000000e+00 1.3227925972e+00 5.5136437963e-01 2.9998292140e+00 1.6770366168e+00 0.0000000000e+00 -3.2278573558e-01 
9.9800000000e+00 1.3179580829e+00 5.5294183389e-01 2.9998294057e+00 1.6818713228e+00 0.0000000000e+00 -3.1810893809e-01 
1.0020000000e+01 1.3131643848e+00 5.5452174046e-01 2.9998296060e+00 1.6866652213e+00 0.0000000000e+00 -3.1331503957e-01 
1.0060000000e+01 1.3084112379e+00 5.5610412257e-01 2.9998298151e+00 1.6914185771e+00 0.0000000000e+00 -3.0840377523e-01 
1.0100000000e+01 1.3036983784e+00 5.5768900457e-01 2.9998300327e+00 1.6961316543e+00 0.0000000000e+00 -3.0337490603e-01 
1.0140000000e+01 1.2990255432e+00 5.5927641174e-01 2.9998302589e+00 1.7008047158e+00 0.0000000000e+00 -2.9822821886e-01 
1.0180000000e+01 1.2943924704e+00 5.6086636990e-01 2.9998304937e+00 1.7054380234e+00 0.0000000000e+00 -2.9296352664e-01 
1.0220000000e+01 1.2897988994e+00 5.6245890508e-01 2.9998307371e+00 1.7100318378e+00 0.0000000000e+00 -2.8758066846e-01 
1.0260000000e+01 1.2852445709e+00 5.6405404333e-01 2.9998309891e+00 1.7145864182e+00 0.0000000000e+00 -2.8207950969e-01 
1.0300000000e+01 1.2807292274e+00 5.6565181117e-01 2.9998312496e+00 1.7191020222e+00 0.0000000000e+00 -2.7645994211e-01 
1.0340000000e+01 1.2762526126e+00 5.6725223707e-01 2.9998315187e+00 1.7235789061e+00 0.0000000000e+00 -2.7072188398e-01 
1.0380000000e+01 1.2718144724e+00 5.6885535525e-01 2.9998317964e+00 1.7280173240e+00 0.0000000000e+00 -2.6486528018e-01 
1.0420000000e+01 1.2674145543e+00 5.7046121257e-01 2.9998320826e+00 1.7324175283e+00 0.0000000000e+00 -2.5889010229e-01 
1.0460000000e+01 1.2630526081e+00 5.7206987990e-01 2.9998323775e+00 1.7367797694e+00 0.0000000000e+00 -2.5279634867e-01 
1.0500000000e+01 1.2587283856e+00 5.7368146863e-01 2.9998326809e+00 1.7411042954e+00 0.0000000000e+00 -2.4658404455e-01 
1.0540000000e+01 1.2544416407e+00 5.7529615140e-01 2.9998329930e+00 1.7453913522e+00 0.0000000000e+00 -2.4025324212e-01 
1.0580000000e+01 1.2501921302e+00 5.7691417990e-01 2.9998333137e+00 1.7496411835e+00 0.0000000000e+00 -2.3380402057e-01 
1.0620000000e+01 1.2459796129e+00 5.7853589040e-01 2.9998336431e+00 1.7538540302e+00 0.0000000000e+00 -2.2723648622e-01 
1.0660000000e+01 1.2418038506e+00 5.8016168827e-01 2.9998339812e+00 1.7580301306e+00 0.0000000000e+00 -2.2055077252e-01 
1.0700000000e+01 1.2376646077e+00 5.8179195887e-01 2.9998343281e+00 1.7621697205e+00 0.0000000000e+00 -2.1374704013e-01 
1.0740000000e+01 1.2335616513e+00 5.8342683923e-01 2.9998346838e+00 1.7662730325e+00 0.0000000000e+00 -2.0682547701e-01 
1.0780000000e+01 1.2294947520e+00 5.8506600088e-01 2.9998350484e+00 1.7703402964e+00 0.0000000000e+00 -1.9978629841e-01 
1.0820000000e+01 1.2254636829e+00 5.8670832166e-01 2.9998354219e+00 1.7743717390e+00 0.0000000000e+00 -1.9262974698e-01 
1.0860000000e+01 1.2214682208e+00 5.8835058059e-01 2.9998358043e+00 1.7783675835e+00 0.0000000000e+00 -1.8535609279e-01 
1.0900000000e+01 1.2175081457e+00 5.8999395431e-01 2.9998361958e+00 1.7823280501e+00 0.0000000000e+00 -1.7796563334e-01 
1.0940000000e+01 1.2135832410e+00 5.9163976464e-01 2.9998365965e+00 1.7862533555e+00 0.0000000000e+00 -1.7045869366e-01 
1.0980000000e+01 1.2096932937e+00 5.9328849205e-01 2.9998370063e+00 1.7901437126e+00 0.0000000000e+00 -1.6283562630e-01 
1.1020000000e+01 1.2058380947e+00 5.9494035246e-01 2.9998374255e+00 1.7939993308e+00 0.0000000000e+00 -1.5509681139e-01 
1.1060000000e+01 1.2020174385e+00 5.9659547882e-01 2.9998378540e+00 1.7978204155e+00 0.0000000000e+00 -1.4724265665e-01 
1.1100000000e+01 1.1982311239e+00 5.9825396242e-01 2.9998382921e+00 1.8016071682e+00 0.0000000000e+00 -1.3927359746e-01 
1.1140000000e+01 1.1944789534e+00 5.9991588151e-01 2.9998387398e+00 1.8053597864e+00 0.0000000000e+00 -1.3119009684e-01 
1.1180000000e+01 1.1907607340e+00 6.0158131690e-01 2.9998391972e+00 1.8090784632e+00 0.0000000000e+00 -1.2299264550e-01 
1.1220000000e+01 1.1870762771e+00 6.0325035457e-01 2.9998396645e+00 1.8127633874e+00 0.0000000000e+00 -1.1468176190e-01 
1.1260000000e+01 1.1834253984e+00 6.0492308566e-01 2.9998401418e+00 1.8164147434e+00 0.0000000000e+00 -1.0625799224e-01 
1.1300000000e+01 1.1798079186e+00 6.0659960654e-01 2.9998406293e+00 1.8200327107e+00 0.0000000000e+00 -9.7721910493e-02 
1.1340000000e+01 1.1762236629e+00 6.0828001837e-01 2.9998411271e+00 1.8236174642e+00 0.0000000000e+00 -8.9074118451e-02 
1.1380000000e+01 1.1726724617e+00 6.0996442617e-01 2.9998416354e+00 1.8271691737e+00 0.0000000000e+00 -8.0315245752e-02 
1.1420000000e+01 1.1691541503e+00 6.1165293775e-01 2.9998421544e+00 1.8306880041e+00 0.0000000000e+00 -7.1445949910e-02 
1.1460000000e+01 1.1656685694e+00 6.1334566277e-01 2.9998426842e+00 1.8341741148e+00 0.0000000000e+00 -6.2466916355e-02 
1.1500000000e+01 1.1622155654e+00 6.1504271175e-01 2.9998432251e+00 1.8376276598e+00 0.0000000000e+00 -5.3378858470e-02 
1.1540000000e+01 1.1587949899e+00 6.1674419525e-01 2.9998437773e+00 1.8410487874e+00 0.0000000000e+00 -4.4182517639e-02 
1.1580000000e+01 1.1554067008e+00 6.1845022314e-01 2.9998443411e+00 1.8444376403e+00 0.0000000000e+00 -3.4878663290e-02 
1.1620000000e+01 1.1520505616e+00 6.2016090405e-01 2.9998449166e+00 1.8477943550e+00 0.0000000000e+00 -2.5468092953e-02 
1.1660000000e+01 1.1487264425e+00 6.2187634498e-01 2.9998455041e+00 1.8511190616e+00 0.0000000000e+00 -1.5951632317e-02 
1.1700000000e+01 1.1454342198e+00 6.2359665114e-01 2.9998461040e+00 1.8544118841e+00 0.0000000000e+00 -6.3301352979e-03 
1.1740000000e+01 1.1421737767e+00 6.2532192595e-01 2.9998467164e+00 1.8576729397e+00 0.0000000000e+00 3.3955158889e-03 
1.1780000000e+01 1.1389450033e+00 6.2705227125e-01 2.9998473417e+00 1.8609023385e+00 0.0000000000e+00 1.3224410643e-02 
1.1820000000e+01 1.1357477967e+00 6.2878778761e-01 2.9998479803e+00 1.8641001836e+00 0.0000000000e+00 2.3155609886e-02 
1.1860000000e+01 1.1325820619e+00 6.3052857484e-01 2.9998486325e+00 1.8672665706e+00 0.0000000000e+00 3.3188145959e-02 
1.1900000000e+01 1.1294477111e+00 6.3227473255e-01 2.9998492986e+00 1.8704015874e+00 0.0000000000e+00 4.3321022505e-02 
1.1940000000e+01 1.1263446651e+00 6.3402636081e-01 2.9998499790e+00 1.8735053140e+00 0.0000000000e+00 5.3553214335e-02 
1.1980000000e+01 1.1232728526e+00 6.3578356079e-01 2.9998506742e+00 1.8765778216e+00 0.0000000000e+00 6.3883667288e-02 
1.2020000000e+01 1.1202322113e+00 6.3754643544e-01 2.9998513846e+00 1.8796191733e+00 0.0000000000e+00 7.4311298065e-02 
1.2060000000e+01 1.1172226879e+00 6.3931509013e-01 2.9998521107e+00 1.8826294227e+00 0.0000000000e+00 8.4834994046e-02 
1.2100000000e+01 1.1142442386e+00 6.4108963323e-01 2.9998528528e+00 1.8856086142e+00 0.0000000000e+00 9.5453613093e-02 
1.2140000000e+01 1.1112968295e+00 6.4287017663e-01 2.9998536117e+00 1.8885567822e+00 0.0000000000e+00 1.0616598332e-01 
1.2180000000e+01 1.1083804368e+00 6.4465683618e-01 2.9998543878e+00 1.8914739510e+00 0.0000000000e+00 1.1697090285e-01 
1.2220000000e+01 1.1054950478e+00 6.4644973204e-01 2.9998551817e+00 1.8943601339e+00 0.0000000000e+00 1.2786713954e-01 
1.2260000000e+01 1.1026406609e+00 6.4824898893e-01 2.9998559940e+00 1.8972153331e+00 0.0000000000e+00 1.3885343064e-01 
1.2300000000e+01 1.0998172865e+00 6.5005473615e-01 2.9998568254e+00 1.9000395389e+00 0.0000000000e+00 1.4992848252e-01 
1.2340000000e+01 1.0970249473e+00 6.5186710750e-01 2.9998576765e+00 1.9028327292e+00 0.0000000000e+00 1.6109097023e-01 
1.2380000000e+01 1.0942636791e+00 6.5368624086e-01 2.9998585483e+00 1.9055948692e+00 0.0000000000e+00 1.7233953711e-01 
1.2420000000e+01 1.0915335313e+00 6.5551227764e-01 2.9998594413e+00 1.9083259099e+00 0.0000000000e+00 1.8367279433e-01 
1.2460000000e+01 1.0888345681e+00 6.5734536260e-01 2.9998603565e+00 1.9110257884e+00 0.0000000000e+00 1.9508932036e-01 
1.2500000000e+01 1.0861668685e+00 6.5918564596e-01 2.9998612947e+00 1.9136944262e+00 0.0000000000e+00 2.0658766045e-01 
1.2540000000e+01 1.0835305279e+00 6.6103329192e-01 2.9998622570e+00 1.9163317290e+00 0.0000000000e+00 2.1816632594e-01 
1.2580000000e+01 1.0809256586e+00 6.6288850046e-01 2.9998632443e+00 1.9189375857e+00 0.0000000000e+00 2.2982379362e-01 
1.2620000000e+01 1.0783523908e+00 6.6475155267e-01 2.9998642577e+00 1.9215118669e+00 0.0000000000e+00 2.4155850496e-01 
1.2660000000e+01 1.0758108738e+00 6.6662289296e-01 2.9998652983e+00 1.9240544245e+00 0.0000000000e+00 2.5336886526e-01 
1.2700000000e+01 1.0733012772e+00 6.6850323200e-01 2.9998663675e+00 1.9265650903e+00 0.0000000000e+00 2.6525324270e-01 
1.2740000000e+01 1.0708237920e+00 6.7039351478e-01 2.9998674665e+00 1.9290436745e+00 0.0000000000e+00 2.7720996735e-01 
1.2780000000e+01 1.0683786322e+00 6.7229437906e-01 2.9998685968e+00 1.9314899646e+00 0.0000000000e+00 2.8923733001e-01 
1.2820000000e+01 1.0659660360e+00 6.7420474691e-01 2.9998697598e+00 1.9339037238e+00 0.0000000000e+00 3.0133358095e-01 
1.2860000000e+01 1.0635862678e+00 6.7612074455e-01 2.9998709572e+00 1.9362846894e+00 0.0000000000e+00 3.1349692849e-01 
1.2900000000e+01 1.0612396196e+00 6.7804440463e-01 2.9998721908e+00 1.9386325711e+00 0.0000000000e+00 3.2572553751e-01 
1.2940000000e+01 1.0589264134e+00 6.7997674917e-01 2.9998734623e+00 1.9409470489e+00 0.0000000000e+00 3.3801752770e-01 
1.2980000000e+01 1.0566470031e+00 6.8191839718e-01 2.9998747739e+00 1.9432277708e+00 0.0000000000e+00 3.5037097165e-01 
1.3020000000e+01 1.0544017768e+00 6.8386973965e-01 2.9998761277e+00 1.9454743510e+00 0.0000000000e+00 3.6278389274e-01 
1.3060000000e+01 1.0521911596e+00 6.8583106479e-01 2.9998775261e+00 1.9476863665e+00 0.0000000000e+00 3.7525426283e-01 
1.3100000000e+01 1.0500156165e+00 6.8780264623e-01 2.9998789716e+00 1.9498633550e+00 0.0000000000e+00 3.8777999959e-01 
1.3140000000e+01 1.0478756556e+00 6.8978475974e-01 2.9998804669e+00 1.9520048113e+00 0.0000000000e+00 4.0035896360e-01 
1.3180000000e+01 1.0457718312e+00 6.9177768028e-01 2.9998820150e+00 1.9541101839e+00 0.0000000000e+00 4.1298895512e-01 
1.3220000000e+01 1.0437047484e+00 6.9378168864e-01 2.9998836192e+00 1.9561788709e+00 0.0000000000e+00 4.2566771041e-01 
1.3260000000e+01 1.0416750671e+00 6.9579707662e-01 2.9998852830e+00 1.9582102160e+00 0.0000000000e+00 4.3839289769e-01 
1.3300000000e+01 1.0396835068e+00 6.9782414681e-01 2.9998870102e+00 1.9602035035e+00 0.0000000000e+00 4.5116211254e-01 
1.3340000000e+01 1.0377308522e+00 6.9986321269e-01 2.9998888050e+00 1.9621579528e+00 0.0000000000e+00 4.6397287277e-01 
1.3380000000e+01 1.0358179593e+00 7.0191459978e-01 2.9998906719e+00 1.9640727126e+00 0.0000000000e+00 4.7682261264e-01 
1.3420000000e+01 1.0339457623e+00 7.0397864650e-01 2.9998926159e+00 1.9659468537e+00 0.0000000000e+00 4.8970867630e-01 
1.3460000000e+01 1.0321152809e+00 7.0605570461e-01 2.9998946426e+00 1.9677793617e+00 0.0000000000e+00 5.0262831041e-01 
1.3500000000e+01 1.0303276298e+00 7.0814613997e-01 2.9998967580e+00 1.9695691282e+00 0.0000000000e+00 5.1557865576e-01 
1.3540000000e+01 1.0285840278e+00 7.1025033329e-01 2.9998989688e+00 1.9713149410e+00 0.0000000000e+00 5.2855673770e-01 
1.3580000000e+01 1.0268858096e+00 7.1236868095e-01 2.9999012823e+00 1.9730154727e+00 0.0000000000e+00 5.4155945528e-01 
1.3620000000e+01 1.0252344383e+00 7.1450159584e-01 2.9999037068e+00 1.9746692685e+00 0.0000000000e+00 5.5458356876e-01 
1.3660000000e+01 1.0236315204e+00 7.1664950835e-01 2.9999062512e+00 1.9762747309e+00 0.0000000000e+00 5.6762568535e-01 
1.3700000000e+01 1.0220788223e+00 7.1881286737e-01 2.9999089259e+00 1.9778301036e+00 0.0000000000e+00 5.8068224270e-01 
1.3740000000e+01 1.0205782902e+00 7.2099214153e-01 2.9999117421e+00 1.9793334519e+00 0.0000000000e+00 5.9374948984e-01 
1.3780000000e+01 1.0191320725e+00 7.2318782056e-01 2.9999147127e+00 1.9807826402e+00 0.0000000000e+00 6.0682346509e-01 
1.3820000000e+01 1.0177425461e+00 7.2540041815e-01 2.9999178519e+00 1.9821753058e+00 0.0000000000e+00 6.1989997021e-01 
1.3860000000e+01 1.0164123473e+00 7.2763046338e-01 2.9999211761e+00 1.9835088288e+00 0.0000000000e+00 6.3297454020e-01 
1.3900000000e+01 1.0151444079e+00 7.2987850570e-01 2.9999247038e+00 1.9847802959e+00 0.0000000000e+00 6.4604240770e-01 
1.3940000000e+01 1.0139419981e+00 7.3214512098e-01 2.9999284560e+00 1.9859864579e+00 0.0000000000e+00 6.5909846083e-01 
1.3980000000e+01 1.0128087772e+00 7.3443090585e-01 2.9999324569e+00 1.9871236797e+00 0.0000000000e+00 6.7213719307e-01 
1.4020000000e+01 1.0117488552e+00 7.3673648073e-01 2.9999367345e+00 1.9881878793e+00 0.0000000000e+00 6.8515264317e-01 
1.4060000000e+01 1.0107668654e+00 7.3906248938e-01 2.9999413210e+00 1.9891744556e+00 0.0000000000e+00 6.9813832271e-01 
1.4100000000e+01 1.0098680543e+00 7.4140959699e-01 2.9999462541e+00 1.9900781997e+00 0.0000000000e+00 7.1108712811e-01 
1.4140000000e+01 1.0090583905e+00 7.4377848730e-01 2.9999515779e+00 1.9908931874e+00 0.0000000000e+00 7.2399123300e-01 
1.4180000000e+01 1.0083446990e+00 7.4616985813e-01 2.9999573447e+00 1.9916126457e+00 0.0000000000e+00 7.3684195531e-01 
1.4220000000e+01 1.0077348298e+00 7.4858441402e-01 2.9999636166e+00 1.9922287868e+00 0.0000000000e+00 7.4962959176e-01 
1.4260000000e+01 1.0072378681e+00 7.5102285459e-01 2.9999704682e+00 1.9927326001e+00 0.0000000000e+00 7.6234320968e-01 
1.4300000000e+01 1.0068644030e+00 7.5348585583e-01 2.9999779899e+00 1.9931135870e+00 0.0000000000e+00 7.7497038225e-01 
1.4340000000e+01 1.0066268728e+00 7.5597404087e-01 2.9999862924e+00 1.9933594195e+00 0.0000000000e+00 7.8749684790e-01 
1.4380000000e+01 1.0065400155e+00 7.5848792185e-01 2.9999955124e+00 1.9934554969e+00 0.0000000000e+00 7.9990606638e-01 
1.4420000000e+01 1.0066214636e+00 7.6102809271e-01 3.0000058213e+00 1.9933843577e+00 0.0000000000e+00 8.1217863205e-01 
1.4460000000e+01 1.0068925439e+00 7.6359484158e-01 3.0000174367e+00 1.9931248928e+00 0.0000000000e+00 8.2429148651e-01 
1.4500000000e+01 1.0073793681e+00 7.6618810717e-01 3.0000306385e+00 1.9926512704e+00 0.0000000000e+00 8.3621684424e-01 
1.4540000000e+01 1.0081143498e+00 7.6880740435e-01 3.0000457932e+00 1.9919314435e+00 0.0000000000e+00 8.4792070019e-01 
1.4580000000e+01 1.0091383533e+00 7.7145157388e-01 3.0000633890e+00 1.9909250357e+00 0.0000000000e+00 8.5936071629e-01 
1.4620000000e+01 1.0105038013e+00 7.7411844011e-01 3.0000840883e+00 1.9895802870e+00 0.0000000000e+00 8.7048316697e-01 
1.4660000000e+01 1.0122792637e+00 7.7680410320e-01 3.0001088084e+00 1.9878295447e+00 0.0000000000e+00 8.8121843091e-01 
1.4700000000e+01 1.0145563778e+00 7.7950170214e-01 3.0001388459e+00 1.9855824681e+00 0.0000000000e+00 8.9147419571e-01 
1.4740000000e+01 1.0174604909e+00 7.8220048454e-01 3.0001760713e+00 1.9827155804e+00 0.0000000000e+00 9.0112501011e-01 
1.4780000000e+01 1.0211672945e+00 7.8488297975e-01 3.0002232311e+00 1.9790559366e+00 0.0000000000e+00 9.0999595256e-01 
1.4820000000e+01 1.0259290722e+00 7.8752090203e-01 3.0002844095e+00 1.9743553373e+00 0.0000000000e+00 9.1783684486e-01 
1.4860000000e+01 1.0321159931e+00 7.9006849923e-01 3.0003656925e+00 1.9682496994e+00 0.0000000000e+00 9.2428162352e-01 
1.4900000000e+01 1.0402793952e+00 7.9245211311e-01 3.0004759890e+00 1.9601965939e+00 0.0000000000e+00 9.2878587761e-01 
1.4940000000e+01 1.0512420563e+00 7.9455517212e-01 3.0006276357e+00 1.9493855795e+00 0.0000000000e+00 9.3053718293e-01 
1.4980000000e+01 1.0662057354e+00 7.9620116986e-01 3.0008355214e+00 1.9346297860e+00 0.0000000000e+00 9.2834668560e-01 
1.5020000000e+01 1.0868193378e+00 7.9714798573e-01 3.0011118046e+00 1.9142924668e+00 0.0000000000e+00 9.2057565466e-01 
1.5060000000e+01 1.1150536972e+00 7.9712841044e-01 3.0014521765e+00 1.8863984793e+00 0.0000000000e+00 9.0524696325e-01 
1.5100000000e+01 1.1526355494e+00 7.9598469592e-01 3.0018148771e+00 1.8491793276e+00 0.0000000000e+00 8.8059013129e-01 
1.5140000000e+01 1.1999542645e+00 7.9388215690e-01 3.0021119694e+00 1.8021577050e+00 0.0000000000e+00 8.4612586818e-01 
1.5180000000e+01 1.2550305685e+00 7.9143663542e-01 3.0022449153e+00 1.7472143468e+00 0.0000000000e+00 8.0373292647e-01 
1.5220000000e+01 1.3137173944e+00 7.8969398398e-01 3.0021745176e+00 1.6884571233e+00 0.0000000000e+00 7.5751719452e-01 
1.5260000000e+01 1.3714269005e+00 7.8804125189e-01 3.0019508108e+00 1.6305239103e+00 0.0000000000e+00 7.1211456773e-01 
1.5300000000e+01 1.4249788557e+00 7.8557221346e-01 3.0016669392e+00 1.5766880835e+00 0.0000000000e+00 6.7079644299e-01 
1.5340000000e+01 1.4731744258e+00 7.8273617560e-01 3.0013970228e+00 1.5282225970e+00 0.0000000000e+00 6.3483379771e-01 
1.5380000000e+01 1.5162309279e+00 7.7982534360e-01 3.0011743089e+00 1.4849433810e+00 0.0000000000e+00 6.0404058780e-01 
1.5420000000e+01 1.5549723994e+00 7.7699658093e-01 3.0010024768e+00 1.4460300774e+00 0.0000000000e+00 5.7759448342e-01 
1.5460000000e+01 1.5902988820e+00 7.7431611551e-01 3.0008727138e+00 1.4105738318e+00 0.0000000000e+00 5.5458466155e-01 
1.5500000000e+01 1.6229681706e+00 7.7180238410e-01 3.0007741253e+00 1.3778059547e+00 0.0000000000e+00 5.3424046727e-01 
1.5540000000e+01 1.6535556997e+00 7.6945273633e-01 3.0006976829e+00 1.3471419832e+00 0.0000000000e+00 5.1597547561e-01 
1.5580000000e+01 1.6824818538e+00 7.6725681531e-01 3.0006368801e+00 1.3181550262e+00 0.0000000000e+00 4.9936083784e-01 
1.5620000000e+01 1.7100521027e+00 7.6520237469e-01 3.0005872777e+00 1.2905351750e+00 0.0000000000e+00 4.8408469129e-01 
1.5660000000e+01 1.7364911005e+00 7.6327752816e-01 3.0005458870e+00 1.2640547865e+00 0.0000000000e+00 4.6991744366e-01 
1.5700000000e+01 1.7619673925e+00 7.6147148414e-01 3.0005106774e+00 1.2385432849e+00 0.0000000000e+00 4.5668657492e-01 
1.5740000000e+01 1.7866102648e+00 7.5977468058e-01 3.0004802411e+00 1.2138699763e+00 0.0000000000e+00 4.4425945181e-01 
1.5780000000e+01 1.8105210368e+00 7.5817870245e-01 3.0004535770e+00 1.1899325402e+00 0.0000000000e+00 4.3253181999e-01 
1.5820000000e+01 1.8337806629e+00 7.5667613653e-01 3.0004299547e+00 1.1666492918e+00 0.0000000000e+00 4.2142006667e-01 
1.5860000000e+01 1.8564549304e+00 7.5526042261e-01 3.0004088281e+00 1.1439538977e+00 0.0000000000e+00 4.1085593639e-01 
1.5900000000e+01 1.8785980888e+00 7.5392572062e-01 3.0003897800e+00 1.1217916912e+00 0.0000000000e+00 4.0078284673e-01 
1.5940000000e+01 1.9002554400e+00 7.5266679781e-01 3.0003724853e+00 1.1001170453e+00 0.0000000000e+00 3.9115326186e-01 
1.5980000000e+01 1.9214652267e+00 7.5147893483e-01 3.0003566866e+00 1.0788914598e+00 0.0000000000e+00 3.8192677930e-01 
1.6020000000e+01 1.9422600380e+00 7.5035784766e-01 3.0003421765e+00 1.0580821385e+00 0.0000000000e+00 3.7306870811e-01 
1.6060000000e+01 1.9626678734e+00 7.4929962270e-01 3.0003287863e+00 1.0376609130e+00 0.0000000000e+00 3.6454899268e-01 
1.6100000000e+01 1.9827129624e+00 7.4830066252e-01 3.0003163767e+00 1.0176034143e+00 0.0000000000e+00 3.5634138472e-01 
1.6140000000e+01 2.0024164054e+00 7.4735764009e-01 3.0003048317e+00 9.9788842636e-01 0.0000000000e+00 3.4842279683e-01 
1.6180000000e+01 2.0217966798e+00 7.4646745994e-01 3.0002940538e+00 9.7849737396e-01 0.0000000000e+00 3.4077279102e-01 
1.6220000000e+01 2.0408700470e+00 7.4562722497e-01 3.0002839601e+00 9.5941391310e-01 0.0000000000e+00 3.3337316927e-01 
1.6260000000e+01 2.0596508805e+00 7.4483420776e-01 3.0002744800e+00 9.4062359942e-01 0.0000000000e+00 3.2620764219e-01 
1.6300000000e+01 2.0781519355e+00 7.4408582558e-01 3.0002655526e+00 9.2211361710e-01 0.0000000000e+00 3.1926155828e-01 
1.6340000000e+01 2.0963845698e+00 7.4337961840e-01 3.0002571252e+00 9.0387255543e-01 0.0000000000e+00 3.1252168076e-01 
1.6380000000e+01 2.1143589290e+00 7.4271322939e-01 3.0002491521e+00 8.8589022305e-01 0.0000000000e+00 3.0597600208e-01 
1.6420000000e+01 2.1320841005e+00 7.4208438729e-01 3.0002415928e+00 8.6815749232e-01 0.0000000000e+00 2.9961358863e-01 
1.6460000000e+01 2.1495682441e+00 7.4149089040e-01 3.0002344122e+00 8.5066616814e-01 0.0000000000e+00 2.9342444982e-01 
1.6500000000e+01 2.1668187023e+00 7.4093059172e-01 3.0002275789e+00 8.3340887662e-01 0.0000000000e+00 2.8739942700e-01 
1.6540000000e+01 2.1838420952e+00 7.4040138496e-01 3.0002210652e+00 8.1637897000e-01 0.0000000000e+00 2.8153009869e-01 
1.6580000000e+01 2.2006444012e+00 7.3990119123e-01 3.0002148462e+00 7.9957044502e-01 0.0000000000e+00 2.7580869927e-01 
1.6620000000e+01 2.2172310274e+00 7.3942794594e-01 3.0002089000e+00 7.8297787257e-01 0.0000000000e+00 2.7022804883e-01 
1.6660000000e+01 2.2336068699e+00 7.3897958593e-01 3.0002032065e+00 7.6659633659e-01 0.0000000000e+00 2.6478149242e-01 
1.6700000000e+01 2.2497763670e+00 7.3855403640e-01 3.0001977480e+00 7.5042138096e-01 0.0000000000e+00 2.5946284713e-01 
1.6740000000e+01 2.2657435451e+00 7.3814919759e-01 3.0001925081e+00 7.3444896293e-01 0.0000000000e+00 2.5426635589e-01 
1.6780000000e+01 2.2815120599e+00 7.3776293090e-01 3.0001874722e+00 7.1867541235e-01 0.0000000000e+00 2.4918664690e-01 
1.6820000000e+01 2.2970852314e+00 7.3739304429e-01 3.0001826270e+00 7.0309739564e-01 0.0000000000e+00 2.4421869791e-01 
1.6860000000e+01 2.3124660764e+00 7.3703727674e-01 3.0001779604e+00 6.8771188398e-01 0.0000000000e+00 2.3935780463e-01 
1.6900000000e+01 2.3276573362e+00 7.3669328133e-01 3.0001734612e+00 6.7251612501e-01 0.0000000000e+00 2.3459955275e-01 
1.6940000000e+01 2.3426615016e+00 7.3635860654e-01 3.0001691193e+00 6.5750761771e-01 0.0000000000e+00 2.2993979305e-01 
1.6980000000e+01 2.3574808355e+00 7.3603067484e-01 3.0001649254e+00 6.4268408989e-01 0.0000000000e+00 2.2537461915e-01 
1.7020000000e+01 2.3721173928e+00 7.3570675753e-01 3.0001608709e+00 6.2804347809e-01 0.0000000000e+00 2.2090034767e-01 
1.7060000000e+01 2.3865730384e+00 7.3538394387e-01 3.0001569478e+00 6.1358390943e-01 0.0000000000e+00 2.1651350036e-01 
1.7100000000e+01 2.4008494636e+00 7.3505910204e-01 3.0001531490e+00 5.9930368539e-01 0.0000000000e+00 2.1221078809e-01 
1.7140000000e+01 2.4149482006e+00 7.3472882809e-01 3.0001494676e+00 5.8520126706e-01 0.0000000000e+00 2.0798909639e-01 
1.7180000000e+01 2.4288706356e+00 7.3438937824e-01 3.0001458975e+00 5.7127526182e-01 0.0000000000e+00 2.0384547235e-01 
1.7220000000e+01 2.4426180214e+00 7.3403657780e-01 3.0001424327e+00 5.5752441127e-01 0.0000000000e+00 1.9977711283e-01 
1.7260000000e+01 2.4561914877e+00 7.3366569890e-01 3.0001390680e+00 5.4394758025e-01 0.0000000000e+00 1.9578135369e-01 
1.7300000000e+01 2.4695920514e+00 7.3327129704e-01 3.0001357982e+00 5.3054374681e-01 0.0000000000e+00 1.9185566000e-01 
1.7340000000e+01 2.4828206257e+00 7.3284699506e-01 3.0001326188e+00 5.1731199306e-01 0.0000000000e+00 1.8799761720e-01 
1.7380000000e+01 2.4958780285e+00 7.3238520041e-01 3.0001295253e+00 5.0425149684e-01 0.0000000000e+00 1.8420492288e-01 
1.7420000000e+01 2.5087649897e+00 7.3187674261e-01 3.0001265137e+00 4.9136152401e-01 0.0000000000e+00 1.8047537941e-01 
1.7460000000e+01 2.5214821586e+00 7.3131042066e-01 3.0001235801e+00 4.7864142142e-01 0.0000000000e+00 1.7680688711e-01 
1.7500000000e+01 2.5340301105e+00 7.3067244360e-01 3.0001207209e+00 4.6609061042e-01 0.0000000000e+00 1.7319743797e-01 
1.7540000000e+01 2.5464093519e+00 7.2994575293e-01 3.0001179328e+00 4.5370858090e-01 0.0000000000e+00 1.6964510994e-01 
1.7580000000e+01 2.5586203268e+00 7.2910929181e-01 3.0001152125e+00 4.4149488573e-01 0.0000000000e+00 1.6614806158e-01 
1.7620000000e+01 2.5706634215e+00 7.2813731412e-01 3.0001125572e+00 4.2944913571e-01 0.0000000000e+00 1.6270452723e-01 
1.7660000000e+01 2.5825389692e+00 7.2699864057e-01 3.0001099640e+00 4.1757099482e-01 0.0000000000e+00 1.5931281248e-01 
1.7700000000e+01 2.5942472545e+00 7.2565620093e-01 3.0001074303e+00 4.0586017582e-01 0.0000000000e+00 1.5597128997e-01 
1.7740000000e+01 2.6057885173e+00 7.2406893851e-01 3.0001049535e+00 3.9431643619e-01 0.0000000000e+00 1.5267839558e-01 
1.7780000000e+01 2.6171629570e+00 7.2219629580e-01 3.0001025313e+00 3.8293957433e-01 0.0000000000e+00 1.4943262482e-01 
1.7820000000e+01 2.6283707355e+00 7.2000143957e-01 3.0001001615e+00 3.7172942605e-01 0.0000000000e+00 1.4623252949e-01 
1.7860000000e+01 2.6394119807e+00 7.1747079884e-01 3.0000978420e+00 3.6068586125e-01 0.0000000000e+00 1.4307671462e-01 
1.7900000000e+01 2.6502867898e+00 7.1469607130e-01 3.0000955706e+00 3.4980878086e-01 0.0000000000e+00 1.3996383557e-01 
1.7940000000e+01 2.6609952317e+00 7.1163648612e-01 3.0000933456e+00 3.3909811396e-01 0.0000000000e+00 1.3689259535e-01 
1.7980000000e+01 2.6715373501e+00 7.0826160651e-01 3.0000911652e+00 3.2855381507e-01 0.0000000000e+00 1.3386174214e-01 
1.8020000000e+01 2.6819131659e+00 7.0445585036e-01 3.0000890275e+00 3.1817586163e-01 0.0000000000e+00 1.3087006691e-01 
1.8060000000e+01 2.6921226794e+00 7.0014033633e-01 3.0000869311e+00 3.0796425164e-01 0.0000000000e+00 1.2791640130e-01 
1.8100000000e+01 2.7021658728e+00 6.9524748518e-01 3.0000848742e+00 2.9791900143e-01 0.0000000000e+00 1.2499961551e-01 
1.8140000000e+01 2.7120427120e+00 6.8971561545e-01 3.0000828556e+00 2.8804014356e-01 0.0000000000e+00 1.2211861643e-01 
1.8180000000e+01 2.7217531488e+00 6.8348684667e-01 3.0000808736e+00 2.7832772481e-01 0.0000000000e+00 1.1927234581e-01 
1.8220000000e+01 2.7312971227e+00 6.7650913963e-01 3.0000789271e+00 2.6878180441e-01 0.0000000000e+00 1.1645977862e-01 
1.8260000000e+01 2.7406745625e+00 6.6874089308e-01 3.0000770147e+00 2.5940245218e-01 0.0000000000e+00 1.1367992142e-01 
1.8300000000e+01 2.7498853881e+00 6.6015586058e-01 3.0000751351e+00 2.5018974696e-01 0.0000000000e+00 1.1093181090e-01 
1.8340000000e+01 2.7589295123e+00 6.5074921934e-01 3.0000732873e+00 2.4114377499e-01 0.0000000000e+00 1.0821451248e-01 
1.8380000000e+01 2.7678068416e+00 6.4054135000e-01 3.0000714700e+00 2.3226462845e-01 0.0000000000e+00 1.0552711895e-01 
1.8420000000e+01 2.7765172782e+00 6.2958269477e-01 3.0000696822e+00 2.2355240405e-01 0.0000000000e+00 1.0286874930e-01 
1.8460000000e+01 2.7850607212e+00 6.1795627999e-01 3.0000679230e+00 2.1500720173e-01 0.0000000000e+00 1.0023854747e-01 
1.8500000000e+01 2.7934370678e+00 6.0577761911e-01 3.0000661912e+00 2.0662912336e-01 0.0000000000e+00 9.7635681283e-02 
1.8540000000e+01 2.8016462144e+00 5.9319136912e-01 3.0000644860e+00 1.9841827156e-01 0.0000000000e+00 9.5059341397e-02 
1.8580000000e+01 2.8096880578e+00 5.8036306038e-01 3.0000628064e+00 1.9037474857e-01 0.0000000000e+00 9.2508740300e-02 
1.8620000000e+01 2.8175624964e+00 5.6750920224e-01 3.0000611516e+00 1.8249865519e-01 0.0000000000e+00 8.9983111386e-02 
1.8660000000e+01 2.8252694309e+00 5.5495258244e-01 3.0000595207e+00 1.7479008972e-01 0.0000000000e+00 8.7481708059e-02 
1.8700000000e+01 2.8328087659e+00 5.4284278930e-01 3.0000579129e+00 1.6724914701e-01 0.0000000000e+00 8.5003802896e-02 
1.8740000000e+01 2.8401804099e+00 5.3127738553e-01 3.0000563274e+00 1.5987591752e-01 0.0000000000e+00 8.2548686851e-02 
1.8780000000e+01 2.8473842772e+00 5.2032506766e-01 3.0000547636e+00 1.5267048646e-01 0.0000000000e+00 8.0115668495e-02 
1.8820000000e+01 2.8544202877e+00 5.1002528614e-01 3.0000532207e+00 1.4563293291e-01 0.0000000000e+00 7.7704073301e-02 
1.8860000000e+01 2.8612883688e+00 5.0039218470e-01 3.0000516979e+00 1.3876332906e-01 0.0000000000e+00 7.5313242962e-02 
1.8900000000e+01 2.8679884552e+00 4.9141942773e-01 3.0000501947e+00 1.3206173943e-01 0.0000000000e+00 7.2942534738e-02 
1.8940000000e+01 2.8745204902e+00 4.8308517525e-01 3.0000487103e+00 1.2552822012e-01 0.0000000000e+00 7.0591320846e-02 
1.8980000000e+01 2.8808844260e+00 4.7535675419e-01 3.0000472442e+00 1.1916281815e-01 0.0000000000e+00 6.8258987868e-02 
1.9020000000e+01 2.8870802250e+00 4.6819471882e-01 3.0000457957e+00 1.1296557078e-01 0.0000000000e+00 6.5944936193e-02 
1.9060000000e+01 2.8931078595e+00 4.6155615636e-01 3.0000443644e+00 1.0693650488e-01 0.0000000000e+00 6.3648579489e-02 
1.9100000000e+01 2.8989673132e+00 4.5539722035e-01 3.0000429495e+00 1.0107563632e-01 0.0000000000e+00 6.1369344189e-02 
1.9140000000e+01 2.9046585812e+00 4.4967495514e-01 3.0000415506e+00 9.5382969397e-02 0.0000000000e+00 5.9106669014e-02 
1.9180000000e+01 2.9101816709e+00 4.4434852269e-01 3.0000401672e+00 8.9858496297e-02 0.0000000000e+00 5.6860004506e-02 
1.9220000000e+01 2.9155366022e+00 4.3937995149e-01 3.0000387987e+00 8.4502196548e-02 0.0000000000e+00 5.4628812593e-02 
1.9260000000e+01 2.9207234082e+00 4.3473447930e-01 3.0000374447e+00 7.9314036530e-02 0.0000000000e+00 5.2412566163e-02 
1.9300000000e+01 2.9257421357e+00 4.3038077708e-01 3.0000361047e+00 7.4293968994e-02 0.0000000000e+00 5.0210748669e-02 
1.9340000000e+01 2.9305928456e+00 4.2629074026e-01 3.0000347782e+00 6.9441932604e-02 0.0000000000e+00 4.8022853739e-02 
1.9380000000e+01 2.9352756133e+00 4.2243938948e-01 3.0000334648e+00 6.4757851500e-02 0.0000000000e+00 4.5848384815e-02 
1.9420000000e+01 2.9397905291e+00 4.1880464452e-01 3.0000321640e+00 6.0241634881e-02 0.0000000000e+00 4.3686854799e-02 
1.9460000000e+01 2.9441376988e+00 4.1536703667e-01 3.0000308754e+00 5.5893176607e-02 0.0000000000e+00 4.1537785718e-02 
1.9500000000e+01 2.9483172439e+00 4.1210938926e-01 3.0000295987e+00 5.1712354820e-02 0.0000000000e+00 3.9400708407e-02 
1.9540000000e+01 2.9523293018e+00 4.0901645405e-01 3.0000283334e+00 4.7699031584e-02 0.0000000000e+00 3.7275162197e-02 
1.9580000000e+01 2.9561740266e+00 4.0607447178e-01 3.0000270792e+00 4.3853052537e-02 0.0000000000e+00 3.5160694625e-02 
1.9620000000e+01 2.9598515890e+00 4.0327065398e-01 3.0000258356e+00 4.0174246565e-02 0.0000000000e+00 3.3056861151e-02 
1.9660000000e+01 2.9633621768e+00 4.0059270024e-01 3.0000246023e+00 3.6662425491e-02 0.0000000000e+00 3.0963224892e-02 
1.9700000000e+01 2.9667059952e+00 3.9802871888e-01 3.0000233790e+00 3.3317383776e-02 0.0000000000e+00 2.8879356359e-02 
1.9740000000e+01 2.9698832671e+00 3.9556842412e-01 3.0000221653e+00 3.0138898236e-02 0.0000000000e+00 2.6804833217e-02 
1.9780000000e+01 2.9728942331e+00 3.9320720504e-01 3.0000209609e+00 2.7126727777e-02 0.0000000000e+00 2.4739240043e-02 
1.9820000000e+01 2.9757391523e+00 3.9095527980e-01 3.0000197654e+00 2.4280613141e-02 0.0000000000e+00 2.2682168102e-02 
1.9860000000e+01 2.9784183020e+00 3.8885362951e-01 3.0000185787e+00 2.1600276662e-02 0.0000000000e+00 2.0633215131e-02 
1.9900000000e+01 2.9809319782e+00 3.8699445195e-01 3.0000174002e+00 1.9085422046e-02 0.0000000000e+00 1.8591985130e-02 
1.9940000000e+01 2.9832804956e+00 3.8553246998e-01 3.0000162298e+00 1.6735734147e-02 0.0000000000e+00 1.6558088165e-02 
1.9980000000e+01 2.9854641884e+00 3.8464887811e-01 3.0000150671e+00 1.4550878772e-02 0.0000000000e+00 1.4531140177e-02 
