4.5000000000e+00  4.5000000000e+00  4.5000000000e+00  4.5000000000e+00  4.5000000000e+00  4.5000000000e+00  4.5000000000e+00  
2.0000000000e-02 2.9842709616e+00 3.7058446381e-01 2.9842907002e+00 1.9738595675e-05 0.0000000000e+00 0.0000000000e+00 
6.0000000000e-02 2.9841580528e+00 3.7049551646e-01 2.9843432622e+00 1.8520942221e-04 0.0000000000e+00 7.5634409156e-06 
1.0000000000e-01 2.9839917401e+00 3.7039031976e-01 2.9844081934e+00 4.1645333580e-04 0.0000000000e+00 -7.6983579915e-05 
1.4000000000e-01 2.9838313843e+00 3.7029099762e-01 2.9844688867e+00 6.3750240147e-04 0.0000000000e+00 -3.2955913041e-04 
1.8000000000e-01 2.9837378878e+00 3.7018746840e-01 2.9845284079e+00 7.9052016993e-04 0.0000000000e+00 -8.0792486903e-04 
2.2000000000e-01 2.9837420246e+00 3.7007768952e-01 2.9845867657e+00 8.4474107695e-04 0.0000000000e+00 -1.5427466572e-03 
2.6000000000e-01 2.9838416331e+00 3.6996234548e-01 2.9846437920e+00 8.0215887524e-04 0.0000000000e+00 -2.5319061433e-03 
3.0000000000e-01 2.9840113003e+00 3.6984393604e-01 2.9846993208e+00 6.8802047273e-04 0.0000000000e+00 -3.7500069438e-03 
3.4000000000e-01 2.9842147992e+00 3.6972565700e-01 2.9847532360e+00 5.3843687105e-04 0.0000000000e+00 -5.1607637286e-03 
3.8000000000e-01 2.9844144259e+00 3.6961054681e-01 2.9848054160e+00 3.9099010716e-04 0.0000000000e+00 -6.7263953069e-03 
4.2000000000e-01 2.9845765135e+00 3.6950147375e-01 2.9848559136e+00 2.7940015464e-04 0.0000000000e+00 -8.4129577572e-03 
4.6000000000e-01 2.9846730890e+00 3.6940071277e-01 2.9849047363e+00 2.3164737081e-04 0.0000000000e+00 -1.0192222016e-02 
5.0000000000e-01 2.9846816709e+00 3.6931009720e-01 2.9849518655e+00 2.7019468754e-04 0.0000000000e+00 -1.2041451725e-02 
5.4000000000e-01 2.9845843948e+00 3.6923112262e-01 2.9849972573e+00 4.1286249845e-04 0.0000000000e+00 -1.3942528390e-02 
5.8000000000e-01 2.9843671509e+00 3.6916502065e-01 2.9850408461e+00 6.7369517423e-04 0.0000000000e+00 -1.5881084908e-02 
6.2000000000e-01 2.9840188862e+00 3.6911290890e-01 2.9850824913e+00 1.0636051063e-03 0.0000000000e+00 -1.7845861579e-02 
6.6000000000e-01 2.9835312376e+00 3.6907570163e-01 2.9851220453e+00 1.5908077204e-03 0.0000000000e+00 -1.9828271145e-02 
7.0000000000e-01 2.9828982740e+00 3.6905395115e-01 2.9851594590e+00 2.2611850609e-03 0.0000000000e+00 -2.1822035265e-02 
7.4000000000e-01 2.9821160823e+00 3.6904793630e-01 2.9851947490e+00 3.0786666579e-03 0.0000000000e+00 -2.3822803709e-02 
7.8000000000e-01 2.9811823846e+00 3.6905769247e-01 2.9852279981e+00 4.0456134881e-03 0.0000000000e+00 -2.5827770467e-02 
8.2000000000e-01 2.9800961796e+00 3.6908297063e-01 2.9852593962e+00 5.1632165870e-03 0.0000000000e+00 -2.7835275204e-02 
8.6000000000e-01 2.9788572759e+00 3.6912347563e-01 2.9852891241e+00 6.4318481716e-03 0.0000000000e+00 -2.9844452212e-02 
9.0000000000e-01 2.9774659768e+00 3.6917894560e-01 2.9853173215e+00 7.8513446386e-03 0.0000000000e+00 -3.1854947489e-02 
9.4000000000e-01 2.9759228997e+00 3.6924912381e-01 2.9853441133e+00 9.4212136045e-03 0.0000000000e+00 -3.3866711785e-02 
9.8000000000e-01 2.9742288618e+00 3.6933372757e-01 2.9853696325e+00 1.1140770738e-02 0.0000000000e+00 -3.5879863848e-02 
1.0200000000e+00 2.9723847924e+00 3.6943246600e-01 2.9853940143e+00 1.3009221822e-02 0.0000000000e+00 -3.7894608459e-02 
1.0600000000e+00 2.9703916536e+00 3.6954510439e-01 2.9854173614e+00 1.5025707867e-02 0.0000000000e+00 -3.9911191405e-02 
1.1000000000e+00 2.9682503687e+00 3.6967155288e-01 2.9854396960e+00 1.7189327372e-02 0.0000000000e+00 -4.1929877318e-02 
1.1400000000e+00 2.9659617594e+00 3.6981196146e-01 2.9854609062e+00 1.9499146779e-02 0.0000000000e+00 -4.3950939322e-02 
1.1800000000e+00 2.9635259818e+00 3.6996773806e-01 2.9854801845e+00 2.1954202702e-02 0.0000000000e+00 -4.5974656906e-02 
1.2200000000e+00 2.9609433260e+00 3.7014010263e-01 2.9854968183e+00 2.4553492352e-02 0.0000000000e+00 -4.8001325609e-02 
1.2600000000e+00 2.9582150689e+00 3.7032851816e-01 2.9855110763e+00 2.7296007403e-02 0.0000000000e+00 -5.0031223266e-02 
1.3000000000e+00 2.9553424143e+00 3.7053259322e-01 2.9855231455e+00 3.0180731207e-02 0.0000000000e+00 -5.2064612903e-02 
1.3400000000e+00 2.9523264793e+00 3.7075213614e-01 2.9855331043e+00 3.3206625053e-02 0.0000000000e+00 -5.4101756605e-02 
1.3800000000e+00 2.9491683984e+00 3.7098696292e-01 2.9855410274e+00 3.6372628991e-02 0.0000000000e+00 -5.6142914811e-02 
1.4200000000e+00 2.9458693740e+00 3.7123680270e-01 2.9855470370e+00 3.9677663026e-02 0.0000000000e+00 -5.8188345243e-02 
1.4600000000e+00 2.9424306688e+00 3.7150131079e-01 2.9855512979e+00 4.3120629040e-02 0.0000000000e+00 -6.0238301119e-02 
1.5000000000e+00 2.9388536035e+00 3.7178007064e-01 2.9855540144e+00 4.6700410957e-02 0.0000000000e+00 -6.2293031119e-02 
1.5400000000e+00 2.9351395590e+00 3.7207258876e-01 2.9855554324e+00 5.0415873389e-02 0.0000000000e+00 -6.4352780876e-02 
1.5800000000e+00 2.9312899768e+00 3.7237829274e-01 2.9855558407e+00 5.4265863908e-02 0.0000000000e+00 -6.6417790845e-02 
1.6200000000e+00 2.9273063581e+00 3.7269653151e-01 2.9855555701e+00 5.8249211981e-02 0.0000000000e+00 -6.8488297513e-02 
1.6600000000e+00 2.9231902586e+00 3.7302658460e-01 2.9855549876e+00 6.2364729016e-02 0.0000000000e+00 -7.0564533497e-02 
1.7000000000e+00 2.9189432733e+00 3.7336768890e-01 2.9855544827e+00 6.6611209464e-02 0.0000000000e+00 -7.2646726596e-02 
1.7400000000e+00 2.9145670101e+00 3.7371908719e-01 2.9855544401e+00 7.0987429941e-02 0.0000000000e+00 -7.4735100823e-02 
1.7800000000e+00 2.9100630426e+00 3.7408011731e-01 2.9855551907e+00 7.5492148057e-02 0.0000000000e+00 -7.6829877734e-02 
1.8200000000e+00 2.9054317603e+00 3.7445232067e-01 2.9855558616e+00 8.0124101275e-02 0.0000000000e+00 -7.8931277730e-02 
1.8600000000e+00 2.9006704682e+00 3.7484297399e-01 2.9855524236e+00 8.4881955316e-02 0.0000000000e+00 -8.1039571815e-02 
1.9000000000e+00 2.8957801276e+00 3.7525276347e-01 2.9855444607e+00 8.9764333080e-02 0.0000000000e+00 -8.3155052843e-02 
1.9400000000e+00 2.8907626176e+00 3.7568062277e-01 2.9855325308e+00 9.4769913200e-02 0.0000000000e+00 -8.5277937139e-02 
1.9800000000e+00 2.8856198411e+00 3.7612546576e-01 2.9855172114e+00 9.9897370273e-02 0.0000000000e+00 -8.7408424440e-02 
2.0200000000e+00 2.8803536471e+00 3.7658632329e-01 2.9854990084e+00 1.0514536137e-01 0.0000000000e+00 -8.9546711556e-02 
2.0600000000e+00 2.8749657889e+00 3.7706243546e-01 2.9854783131e+00 1.1051252425e-01 0.0000000000e+00 -9.1692994364e-02 
2.1000000000e+00 2.8694579028e+00 3.7755329275e-01 2.9854553812e+00 1.1599747841e-01 0.0000000000e+00 -9.3847466884e-02 
2.1400000000e+00 2.8638315029e+00 3.7805863256e-01 2.9854303284e+00 1.2159882544e-01 0.0000000000e+00 -9.6010321191e-02 
2.1800000000e+00 2.8580880831e+00 3.7857826806e-01 2.9854032295e+00 1.2731514637e-01 0.0000000000e+00 -9.8181750189e-02 
2.2200000000e+00 2.8522292201e+00 3.7911188664e-01 2.9853742274e+00 1.3314500730e-01 0.0000000000e+00 -1.0036194221e-01 
2.2600000000e+00 2.8462565591e+00 3.7965906463e-01 2.9853435220e+00 1.3908696288e-01 0.0000000000e+00 -1.0255107772e-01 
2.3000000000e+00 2.8401718082e+00 3.8021929203e-01 2.9853113601e+00 1.4513955193e-01 0.0000000000e+00 -1.0474933392e-01 
2.3400000000e+00 2.8339767197e+00 3.8079199757e-01 2.9852780197e+00 1.5130129999e-01 0.0000000000e+00 -1.0695688235e-01 
2.3800000000e+00 2.8276730745e+00 3.8137657369e-01 2.9852437962e+00 1.5757072169e-01 0.0000000000e+00 -1.0917388679e-01 
2.4200000000e+00 2.8212626752e+00 3.8197240018e-01 2.9852089909e+00 1.6394631568e-01 0.0000000000e+00 -1.1140050846e-01 
2.4600000000e+00 2.8147473313e+00 3.8257886375e-01 2.9851738991e+00 1.7042656774e-01 0.0000000000e+00 -1.1363690321e-01 
2.5000000000e+00 2.8081288493e+00 3.8319537448e-01 2.9851388019e+00 1.7700995256e-01 0.0000000000e+00 -1.1588321989e-01 
2.5400000000e+00 2.8014090304e+00 3.8382137838e-01 2.9851039596e+00 1.8369492920e-01 0.0000000000e+00 -1.1813960511e-01 
2.5800000000e+00 2.7945896606e+00 3.8445636761e-01 2.9850696056e+00 1.9047994499e-01 0.0000000000e+00 -1.2040619961e-01 
2.6200000000e+00 2.7876725055e+00 3.8509988993e-01 2.9850359414e+00 1.9736343589e-01 0.0000000000e+00 -1.2268313808e-01 
2.6600000000e+00 2.7806593084e+00 3.8575155804e-01 2.9850031311e+00 2.0434382269e-01 0.0000000000e+00 -1.2497055318e-01 
2.7000000000e+00 2.7735517792e+00 3.8641106120e-01 2.9849712954e+00 2.1141951619e-01 0.0000000000e+00 -1.2726857062e-01 
2.7400000000e+00 2.7663515899e+00 3.8707817747e-01 2.9849405050e+00 2.1858891515e-01 0.0000000000e+00 -1.2957731142e-01 
2.7800000000e+00 2.7590603705e+00 3.8775278610e-01 2.9849107745e+00 2.2585040400e-01 0.0000000000e+00 -1.3189689444e-01 
2.8200000000e+00 2.7516796982e+00 3.8843487826e-01 2.9848820569e+00 2.3320235871e-01 0.0000000000e+00 -1.3422743076e-01 
2.8600000000e+00 2.7442111005e+00 3.8912456072e-01 2.9848542426e+00 2.4064314215e-01 0.0000000000e+00 -1.3656902852e-01 
2.9000000000e+00 2.7366560568e+00 3.8982205084e-01 2.9848271623e+00 2.4817110554e-01 0.0000000000e+00 -1.3892179176e-01 
2.9400000000e+00 2.7290160061e+00 3.9052765792e-01 2.9848005977e+00 2.5578459163e-01 0.0000000000e+00 -1.4128581744e-01 
2.9800000000e+00 2.7212923689e+00 3.9124174802e-01 2.9847743003e+00 2.6348193139e-01 0.0000000000e+00 -1.4366119902e-01 
3.0200000000e+00 2.7134865700e+00 3.9196469381e-01 2.9847480181e+00 2.7126144814e-01 0.0000000000e+00 -1.4604802260e-01 
3.0600000000e+00 2.7056000726e+00 3.9269681044e-01 2.9847215302e+00 2.7912145764e-01 0.0000000000e+00 -1.4844636701e-01 
3.1000000000e+00 2.6976344149e+00 3.9343828594e-01 2.9846946830e+00 2.8706026802e-01 0.0000000000e+00 -1.5085630423e-01 
3.1400000000e+00 2.6895912391e+00 3.9418911714e-01 2.9846674238e+00 2.9507618468e-01 0.0000000000e+00 -1.5327789467e-01 
3.1800000000e+00 2.6814723166e+00 3.9494906377e-01 2.9846398248e+00 3.0316750825e-01 0.0000000000e+00 -1.5571118948e-01 
3.2200000000e+00 2.6732795505e+00 3.9571763725e-01 2.9846120884e+00 3.1133253785e-01 0.0000000000e+00 -1.5815622760e-01 
3.2600000000e+00 2.6650149574e+00 3.9649413359e-01 2.9845845286e+00 3.1956957126e-01 0.0000000000e+00 -1.6061303578e-01 
3.3000000000e+00 2.6566806236e+00 3.9727771590e-01 2.9845575275e+00 3.2787690388e-01 0.0000000000e+00 -1.6308162995e-01 
3.3400000000e+00 2.6482786381e+00 3.9806753999e-01 2.9845314681e+00 3.3625282997e-01 0.0000000000e+00 -1.6556201420e-01 
3.3800000000e+00 2.6398110172e+00 3.9886290316e-01 2.9845066558e+00 3.4469563857e-01 0.0000000000e+00 -1.6805418516e-01 
3.4200000000e+00 2.6312796297e+00 3.9966338787e-01 2.9844832435e+00 3.5320361378e-01 0.0000000000e+00 -1.7055813197e-01 
3.4600000000e+00 2.6226861477e+00 4.0046896217e-01 2.9844611792e+00 3.6177503149e-01 0.0000000000e+00 -1.7307383982e-01 
3.5000000000e+00 2.6140320355e+00 4.0128000477e-01 2.9844401943e+00 3.7040815890e-01 0.0000000000e+00 -1.7560129073e-01 
3.5400000000e+00 2.6053185875e+00 4.0209723306e-01 2.9844198426e+00 3.7910125507e-01 0.0000000000e+00 -1.7814046325e-01 
3.5800000000e+00 2.5965470166e+00 4.0292153593e-01 2.9843995886e+00 3.8785257204e-01 0.0000000000e+00 -1.8069133165e-01 
3.6200000000e+00 2.5877185706e+00 4.0375374104e-01 2.9843789302e+00 3.9666035957e-01 0.0000000000e+00 -1.8325386140e-01 
3.6600000000e+00 2.5788346577e+00 4.0459436948e-01 2.9843575258e+00 4.0552286813e-01 0.0000000000e+00 -1.8582800655e-01 
3.7000000000e+00 2.5698969378e+00 4.0544344541e-01 2.9843352928e+00 4.1443835499e-01 0.0000000000e+00 -1.8841370383e-01 
3.7400000000e+00 2.5609073587e+00 4.0630041997e-01 2.9843124450e+00 4.2340508635e-01 0.0000000000e+00 -1.9101087088e-01 
3.7800000000e+00 2.5518681138e+00 4.0716424431e-01 2.9842894536e+00 4.3242133986e-01 0.0000000000e+00 -1.9361940397e-01 
3.8200000000e+00 2.5427815326e+00 4.0803358186e-01 2.9842669354e+00 4.4148540272e-01 0.0000000000e+00 -1.9623918021e-01 
3.8600000000e+00 2.5336499291e+00 4.0890710750e-01 2.9842454979e+00 4.5059556882e-01 0.0000000000e+00 -1.9887006072e-01 
3.9000000000e+00 2.5244754516e+00 4.0978380736e-01 2.9842255852e+00 4.5975013358e-01 0.0000000000e+00 -2.0151189600e-01 
3.9400000000e+00 2.5152599804e+00 4.1066318923e-01 2.9842073704e+00 4.6894738999e-01 0.0000000000e+00 -2.0416453029e-01 
3.9800000000e+00 2.5060051032e+00 4.1154533824e-01 2.9841907287e+00 4.7818562551e-01 0.0000000000e+00 -2.0682780488e-01 
4.0200000000e+00 2.4967121739e+00 4.1243080378e-01 2.9841752965e+00 4.8746312260e-01 0.0000000000e+00 -2.0950155794e-01 
4.0600000000e+00 2.4873824336e+00 4.1332035921e-01 2.9841605949e+00 4.9677816134e-01 0.0000000000e+00 -2.1218562215e-01 
4.1000000000e+00 2.4780171498e+00 4.1421471866e-01 2.9841461747e+00 5.0612902488e-01 0.0000000000e+00 -2.1487981955e-01 
4.1400000000e+00 2.4686177300e+00 4.1511430351e-01 2.9841317345e+00 5.1551400452e-01 0.0000000000e+00 -2.1758395678e-01 
4.1800000000e+00 2.4591857745e+00 4.1601912663e-01 2.9841171790e+00 5.2493140451e-01 0.0000000000e+00 -2.2029782060e-01 
4.2200000000e+00 2.4497230644e+00 4.1692881212e-01 2.9841026080e+00 5.3437954360e-01 0.0000000000e+00 -2.2302117659e-01 
4.2600000000e+00 2.4402314979e+00 4.1784271945e-01 2.9840882532e+00 5.4385675523e-01 0.0000000000e+00 -2.2575376927e-01 
4.3000000000e+00 2.4307130094e+00 4.1876010961e-01 2.9840743947e+00 5.5336138527e-01 0.0000000000e+00 -2.2849532471e-01 
4.3400000000e+00 2.4211694978e+00 4.1968029287e-01 2.9840612875e+00 5.6289178975e-01 0.0000000000e+00 -2.3124555306e-01 
4.3800000000e+00 2.4116027827e+00 4.2060272141e-01 2.9840491156e+00 5.7244633289e-01 0.0000000000e+00 -2.3400415085e-01 
4.4200000000e+00 2.4020145894e+00 4.2152702305e-01 2.9840379756e+00 5.8202338620e-01 0.0000000000e+00 -2.3677080220e-01 
4.4600000000e+00 2.3924065523e+00 4.2245299273e-01 2.9840278809e+00 5.9162132868e-01 0.0000000000e+00 -2.3954517887e-01 
4.5000000000e+00 2.3827802295e+00 4.2338056129e-01 2.9840187770e+00 6.0123854745e-01 0.0000000000e+00 -2.4232694002e-01 
4.5400000000e+00 2.3731371225e+00 4.2430975136e-01 2.9840105615e+00 6.1087343904e-01 0.0000000000e+00 -2.4511573118e-01 
4.5800000000e+00 2.3634787016e+00 4.2524062146e-01 2.9840031120e+00 6.2052441042e-01 0.0000000000e+00 -2.4791118352e-01 
4.6200000000e+00 2.3538064356e+00 4.2617320207e-01 2.9839963163e+00 6.3018988079e-01 0.0000000000e+00 -2.5071291242e-01 
4.6600000000e+00 2.3441218191e+00 4.2710743701e-01 2.9839901025e+00 6.3986828343e-01 0.0000000000e+00 -2.5352051587e-01 
4.7000000000e+00 2.3344263880e+00 4.2804315096e-01 2.9839844551e+00 6.4955806711e-01 0.0000000000e+00 -2.5633357344e-01 
4.7400000000e+00 2.3247217160e+00 4.2898005568e-01 2.9839794132e+00 6.5925769719e-01 0.0000000000e+00 -2.5915164541e-01 
4.7800000000e+00 2.3150093977e+00 4.2991778712e-01 2.9839750534e+00 6.6896565571e-01 0.0000000000e+00 -2.6197427305e-01 
4.8200000000e+00 2.3052910279e+00 4.3085594759e-01 2.9839714690e+00 6.7868044109e-01 0.0000000000e+00 -2.6480097921e-01 
4.8600000000e+00 2.2955681926e+00 4.3179412722e-01 2.9839687606e+00 6.8840056804e-01 0.0000000000e+00 -2.6763126875e-01 
4.9000000000e+00 2.2858424679e+00 4.3273190267e-01 2.9839670355e+00 6.9812456758e-01 0.0000000000e+00 -2.7046462878e-01 
4.9400000000e+00 2.2761154186e+00 4.3366883958e-01 2.9839664063e+00 7.0785098770e-01 0.0000000000e+00 -2.7330052836e-01 
4.9800000000e+00 2.2663885763e+00 4.3460453358e-01 2.9839669700e+00 7.1757839372e-01 0.0000000000e+00 -2.7613841843e-01 
5.0200000000e+00 2.2566633969e+00 4.3553869802e-01 2.9839687643e+00 7.2730536743e-01 0.0000000000e+00 -2.7897773300e-01 
5.0600000000e+00 2.2469412164e+00 4.3647125835e-01 2.9839717216e+00 7.3703050521e-01 0.0000000000e+00 -2.8181789133e-01 
5.1000000000e+00 2.2372232395e+00 4.3740237931e-01 2.9839756559e+00 7.4675241641e-01 0.0000000000e+00 -2.8465829985e-01 
5.1400000000e+00 2.2275105887e+00 4.3833236592e-01 2.9839803122e+00 7.5646972355e-01 0.0000000000e+00 -2.8749835232e-01 
5.1800000000e+00 2.2178044077e+00 4.3926144564e-01 2.9839854733e+00 7.6618106564e-01 0.0000000000e+00 -2.9033742678e-01 
5.2200000000e+00 2.2081059754e+00 4.4018952136e-01 2.9839910796e+00 7.7588510419e-01 0.0000000000e+00 -2.9317487983e-01 
5.2600000000e+00 2.1984167692e+00 4.4111602796e-01 2.9839972983e+00 7.8558052912e-01 0.0000000000e+00 -2.9601004114e-01 
5.3000000000e+00 2.1887384319e+00 4.4203999346e-01 2.9840044934e+00 7.9526606145e-01 0.0000000000e+00 -2.9884221097e-01 
5.3400000000e+00 2.1790726436e+00 4.4296030750e-01 2.9840130946e+00 8.0494045105e-01 0.0000000000e+00 -3.0167066272e-01 
5.3800000000e+00 2.1694209513e+00 4.4387608837e-01 2.9840234210e+00 8.1460246977e-01 0.0000000000e+00 -3.0449465022e-01 
5.4200000000e+00 2.1597846367e+00 4.4478697774e-01 2.9840355394e+00 8.2425090275e-01 0.0000000000e+00 -3.0731341665e-01 
5.4600000000e+00 2.1501646869e+00 4.4569321731e-01 2.9840492294e+00 8.3388454257e-01 0.0000000000e+00 -3.1012620071e-01 
5.5000000000e+00 2.1405618854e+00 4.4659546102e-01 2.9840640747e+00 8.4350218926e-01 0.0000000000e+00 -3.1293223692e-01 
5.5400000000e+00 2.1309769858e+00 4.4749440088e-01 2.9840796424e+00 8.5310265656e-01 0.0000000000e+00 -3.1573074972e-01 
5.5800000000e+00 2.1214108898e+00 4.4839037193e-01 2.9840956716e+00 8.6268478176e-01 0.0000000000e+00 -3.1852094386e-01 
5.6200000000e+00 2.1118647503e+00 4.4928311204e-01 2.9841121855e+00 8.7224743519e-01 0.0000000000e+00 -3.2130199530e-01 
5.6600000000e+00 2.1023399547e+00 4.5017178232e-01 2.9841294797e+00 8.8178952504e-01 0.0000000000e+00 -3.2407304660e-01 
5.7000000000e+00 2.0928379970e+00 4.5105523599e-01 2.9841479924e+00 8.9130999541e-01 0.0000000000e+00 -3.2683320930e-01 
5.7400000000e+00 2.0833602996e+00 4.5193241108e-01 2.9841681179e+00 9.0080781836e-01 0.0000000000e+00 -3.2958157208e-01 
5.7800000000e+00 2.0739080652e+00 4.5280266696e-01 2.9841900490e+00 9.1028198383e-01 0.0000000000e+00 -3.3231721117e-01 
5.8200000000e+00 2.0644822270e+00 4.5366591266e-01 2.9842137192e+00 9.1973149221e-01 0.0000000000e+00 -3.3503919814e-01 
5.8600000000e+00 2.0550835148e+00 4.5452247621e-01 2.9842388678e+00 9.2915535296e-01 0.0000000000e+00 -3.3774660148e-01 
5.9000000000e+00 2.0457126007e+00 4.5537279079e-01 2.9842651906e+00 9.3855258989e-01 0.0000000000e+00 -3.4043848173e-01 
5.9400000000e+00 2.0363702469e+00 4.5621706210e-01 2.9842924970e+00 9.4792225011e-01 0.0000000000e+00 -3.4311388276e-01 
5.9800000000e+00 2.0270573825e+00 4.5705508373e-01 2.9843207948e+00 9.5726341233e-01 0.0000000000e+00 -3.4577182381e-01 
6.0200000000e+00 2.0177750747e+00 4.5788628272e-01 2.9843502649e+00 9.6657519023e-01 0.0000000000e+00 -3.4841129640e-01 
6.0600000000e+00 2.0085244190e+00 4.5870995073e-01 2.9843811485e+00 9.7585672949e-01 0.0000000000e+00 -3.5103126762e-01 
6.1000000000e+00 1.9993064137e+00 4.5952551935e-01 2.9844136142e+00 9.8510720049e-01 0.0000000000e+00 -3.5363068768e-01 
6.1400000000e+00 1.9901218896e+00 4.6033272333e-01 2.9844476806e+00 9.9432579104e-01 0.0000000000e+00 -3.5620849754e-01 
6.1800000000e+00 1.9809715296e+00 4.6113156816e-01 2.9844832327e+00 1.0035117032e+00 0.0000000000e+00 -3.5876363242e-01 
6.2200000000e+00 1.9718559622e+00 4.6192213505e-01 2.9845201177e+00 1.0126641555e+00 0.0000000000e+00 -3.6129501960e-01 
6.2600000000e+00 1.9627758697e+00 4.6270434927e-01 2.9845582595e+00 1.0217823899e+00 0.0000000000e+00 -3.6380157226e-01 
6.3000000000e+00 1.9537320445e+00 4.6347785831e-01 2.9845977220e+00 1.0308656775e+00 0.0000000000e+00 -3.6628218341e-01 
6.3400000000e+00 1.9447253589e+00 4.6424210252e-01 2.9846386804e+00 1.0399133215e+00 0.0000000000e+00 -3.6873572406e-01 
6.3800000000e+00 1.9357566612e+00 4.6499654605e-01 2.9846813137e+00 1.0489246525e+00 0.0000000000e+00 -3.7116104723e-01 
6.4200000000e+00 1.9268266605e+00 4.6574093075e-01 2.9847256819e+00 1.0578990213e+00 0.0000000000e+00 -3.7355699612e-01 
6.4600000000e+00 1.9179358758e+00 4.6647538208e-01 2.9847716674e+00 1.0668357916e+00 0.0000000000e+00 -3.7592241170e-01 
6.5000000000e+00 1.9090846921e+00 4.6720026745e-01 2.9848190301e+00 1.0757343380e+00 0.0000000000e+00 -3.7825613450e-01 
6.5400000000e+00 1.9002735020e+00 4.6791585936e-01 2.9848675547e+00 1.0845940527e+00 0.0000000000e+00 -3.8055699856e-01 
6.5800000000e+00 1.8915028469e+00 4.6862200190e-01 2.9849172038e+00 1.0934143569e+00 0.0000000000e+00 -3.8282382046e-01 
6.6200000000e+00 1.8827734600e+00 4.6931801247e-01 2.9849681693e+00 1.1021947094e+00 0.0000000000e+00 -3.8505539057e-01 
6.6600000000e+00 1.8740861709e+00 4.7000291839e-01 2.9850207775e+00 1.1109346066e+00 0.0000000000e+00 -3.8725047338e-01 
6.7000000000e+00 1.8654417289e+00 4.7067589629e-01 2.9850753014e+00 1.1196335725e+00 0.0000000000e+00 -3.8940781844e-01 
6.7400000000e+00 1.8568406691e+00 4.7133661785e-01 2.9851318119e+00 1.1282911428e+00 0.0000000000e+00 -3.9152617548e-01 
6.7800000000e+00 1.8482833177e+00 4.7198525580e-01 2.9851901748e+00 1.1369068571e+00 0.0000000000e+00 -3.9360430331e-01 
6.8200000000e+00 1.8397699263e+00 4.7262216110e-01 2.9852501887e+00 1.1454802623e+00 0.0000000000e+00 -3.9564096640e-01 
6.8600000000e+00 1.8313008174e+00 4.7324748767e-01 2.9853117428e+00 1.1540109254e+00 0.0000000000e+00 -3.9763492233e-01 
6.9000000000e+00 1.8228764145e+00 4.7386107411e-01 2.9853748585e+00 1.1624984439e+00 0.0000000000e+00 -3.9958491151e-01 
6.9400000000e+00 1.8144971495e+00 4.7446263773e-01 2.9854395951e+00 1.1709424456e+00 0.0000000000e+00 -4.0148965805e-01 
6.9800000000e+00 1.8061633594e+00 4.7505202079e-01 2.9855059378e+00 1.1793425784e+00 0.0000000000e+00 -4.0334787985e-01 
7.0200000000e+00 1.7978753038e+00 4.7562917802e-01 2.9855738069e+00 1.1876985031e+00 0.0000000000e+00 -4.0515829606e-01 
7.0600000000e+00 1.7896332942e+00 4.7619389616e-01 2.9856431926e+00 1.1960098984e+00 0.0000000000e+00 -4.0691962280e-01 
7.1000000000e+00 1.7814377839e+00 4.7674559362e-01 2.9857142558e+00 1.2042764719e+00 0.0000000000e+00 -4.0863056173e-01 
7.1400000000e+00 1.7732892770e+00 4.7728354135e-01 2.9857872412e+00 1.2124979642e+00 0.0000000000e+00 -4.1028979677e-01 
7.1800000000e+00 1.7651881050e+00 4.7780741111e-01 2.9858622390e+00 1.2206741340e+00 0.0000000000e+00 -4.1189600877e-01 
7.2200000000e+00 1.7571342951e+00 4.7831761528e-01 2.9859390321e+00 1.2288047370e+00 0.0000000000e+00 -4.1344789759e-01 
7.2600000000e+00 1.7491276655e+00 4.7881509040e-01 2.9860171829e+00 1.2368895174e+00 0.0000000000e+00 -4.1494418977e-01 
7.3000000000e+00 1.7411682668e+00 4.7930021730e-01 2.9860964918e+00 1.2449282250e+00 0.0000000000e+00 -4.1638362266e-01 
7.3400000000e+00 1.7332565365e+00 4.7977235381e-01 2.9861772025e+00 1.2529206659e+00 0.0000000000e+00 -4.1776489334e-01 
7.3800000000e+00 1.7253929413e+00 4.8023065599e-01 2.9862596326e+00 1.2608666913e+00 0.0000000000e+00 -4.1908667061e-01 
7.4200000000e+00 1.7175777989e+00 4.8067454332e-01 2.9863439668e+00 1.2687661679e+00 0.0000000000e+00 -4.2034762414e-01 
7.4600000000e+00 1.7098112887e+00 4.8110373854e-01 2.9864302526e+00 1.2766189639e+00 0.0000000000e+00 -4.2154643921e-01 
7.5000000000e+00 1.7020935189e+00 4.8151807652e-01 2.9865184723e+00 1.2844249534e+00 0.0000000000e+00 -4.2268181230e-01 
7.5400000000e+00 1.6944245365e+00 4.8191747944e-01 2.9866085635e+00 1.2921840270e+00 0.0000000000e+00 -4.2375244097e-01 
7.5800000000e+00 1.6868043204e+00 4.8230205430e-01 2.9867004032e+00 1.2998960828e+00 0.0000000000e+00 -4.2475703278e-01 
7.6200000000e+00 1.6792328332e+00 4.8267202355e-01 2.9867938592e+00 1.3075610260e+00 0.0000000000e+00 -4.2569430608e-01 
7.6600000000e+00 1.6717101326e+00 4.8302742096e-01 2.9868889073e+00 1.3151787746e+00 0.0000000000e+00 -4.2656298440e-01 
7.7000000000e+00 1.6642363844e+00 4.8336798173e-01 2.9869856578e+00 1.3227492735e+00 0.0000000000e+00 -4.2736178284e-01 
7.7400000000e+00 1.6568116620e+00 4.8369358741e-01 2.9870841532e+00 1.3302724911e+00 0.0000000000e+00 -4.2808941127e-01 
7.7800000000e+00 1.6494359311e+00 4.8400431853e-01 2.9871843245e+00 1.3377483934e+00 0.0000000000e+00 -4.2874460098e-01 
7.8200000000e+00 1.6421092866e+00 4.8429987928e-01 2.9872862489e+00 1.3451769622e+00 0.0000000000e+00 -4.2932608590e-01 
7.8600000000e+00 1.6348317721e+00 4.8458000468e-01 2.9873899772e+00 1.3525582052e+00 0.0000000000e+00 -4.2983259373e-01 
7.9000000000e+00 1.6276032658e+00 4.8484479663e-01 2.9874953964e+00 1.3598921306e+00 0.0000000000e+00 -4.3026287054e-01 
7.9400000000e+00 1.6204235886e+00 4.8509448369e-01 2.9876023405e+00 1.3671787519e+00 0.0000000000e+00 -4.3061567680e-01 
7.9800000000e+00 1.6132925489e+00 4.8532933311e-01 2.9877106370e+00 1.3744180881e+00 0.0000000000e+00 -4.3088978713e-01 
8.0200000000e+00 1.6062100540e+00 4.8554938452e-01 2.9878202251e+00 1.3816101711e+00 0.0000000000e+00 -4.3108398327e-01 
8.0600000000e+00 1.5991761633e+00 4.8575430680e-01 2.9879312167e+00 1.3887550534e+00 0.0000000000e+00 -4.3119704622e-01 
8.1000000000e+00 1.5921910432e+00 4.8594348761e-01 2.9880438549e+00 1.3958528117e+00 0.0000000000e+00 -4.3122775323e-01 
8.1400000000e+00 1.5852548451e+00 4.8611632247e-01 2.9881583858e+00 1.4029035407e+00 0.0000000000e+00 -4.3117488399e-01 
8.1800000000e+00 1.5783675788e+00 4.8627252613e-01 2.9882749194e+00 1.4099073406e+00 0.0000000000e+00 -4.3103723307e-01 
8.2200000000e+00 1.5715290627e+00 4.8641226290e-01 2.9883933696e+00 1.4168643069e+00 0.0000000000e+00 -4.3081362092e-01 
8.2600000000e+00 1.5647389810e+00 4.8653600966e-01 2.9885135081e+00 1.4237745271e+00 0.0000000000e+00 -4.3050289672e-01 
8.3000000000e+00 1.5579970087e+00 4.8664424298e-01 2.9886350967e+00 1.4306380880e+00 0.0000000000e+00 -4.3010393146e-01 
8.3400000000e+00 1.5513029230e+00 4.8673715174e-01 2.9887580110e+00 1.4374550881e+00 0.0000000000e+00 -4.2961560587e-01 
8.3800000000e+00 1.5446566371e+00 4.8681454603e-01 2.9888822838e+00 1.4442256467e+00 0.0000000000e+00 -4.2903680117e-01 
8.4200000000e+00 1.5380581483e+00 4.8687599213e-01 2.9890080535e+00 1.4509499052e+00 0.0000000000e+00 -4.2836639838e-01 
8.4600000000e+00 1.5315074443e+00 4.8692106015e-01 2.9891354636e+00 1.4576280193e+00 0.0000000000e+00 -4.2760328575e-01 
8.5000000000e+00 1.5250044306e+00 4.8694952439e-01 2.9892645795e+00 1.4642601490e+00 0.0000000000e+00 -4.2674636925e-01 
8.5400000000e+00 1.5185489121e+00 4.8696142134e-01 2.9893953633e+00 1.4708464512e+00 0.0000000000e+00 -4.2579457993e-01 
8.5800000000e+00 1.5121406214e+00 4.8695698015e-01 2.9895277001e+00 1.4773870787e+00 0.0000000000e+00 -4.2474687536e-01 
8.6200000000e+00 1.5057792621e+00 4.8693650703e-01 2.9896614451e+00 1.4838821830e+00 0.0000000000e+00 -4.2360223649e-01 
8.6600000000e+00 1.4994645425e+00 4.8690029110e-01 2.9897964619e+00 1.4903319194e+00 0.0000000000e+00 -4.2235966326e-01 
8.7000000000e+00 1.4931961970e+00 4.8684854199e-01 2.9899326470e+00 1.4967364500e+00 0.0000000000e+00 -4.2101817118e-01 
8.7400000000e+00 1.4869740048e+00 4.8678133294e-01 2.9900699514e+00 1.5030959467e+00 0.0000000000e+00 -4.1957678897e-01 
8.7800000000e+00 1.4807978091e+00 4.8669854373e-01 2.9902084022e+00 1.5094105931e+00 0.0000000000e+00 -4.1803455626e-01 
8.8200000000e+00 1.4746675206e+00 4.8659984552e-01 2.9903481074e+00 1.5156805868e+00 0.0000000000e+00 -4.1639052192e-01 
8.8600000000e+00 1.4685830842e+00 4.8648478736e-01 2.9904892222e+00 1.5219061381e+00 0.0000000000e+00 -4.1464374518e-01 
8.9000000000e+00 1.4625444063e+00 4.8635299380e-01 2.9906318704e+00 1.5280874641e+00 0.0000000000e+00 -4.1279330156e-01 
8.9400000000e+00 1.4565512744e+00 4.8620439049e-01 2.9907760537e+00 1.5342247793e+00 0.0000000000e+00 -4.1083829286e-01 
8.9800000000e+00 1.4506033219e+00 4.8603931156e-01 2.9909216078e+00 1.5403182858e+00 0.0000000000e+00 -4.0877785634e-01 
9.0200000000e+00 1.4447000819e+00 4.8585837276e-01 2.9910682541e+00 1.5463681722e+00 0.0000000000e+00 -4.0661116674e-01 
9.0600000000e+00 1.4388411200e+00 4.8566212434e-01 2.9912157419e+00 1.5523746219e+00 0.0000000000e+00 -4.0433742728e-01 
9.1000000000e+00 1.4330261824e+00 4.8545065630e-01 2.9913640131e+00 1.5583378307e+00 0.0000000000e+00 -4.0195585274e-01 
9.1400000000e+00 1.4272552616e+00 4.8522340923e-01 2.9915132841e+00 1.5642580225e+00 0.0000000000e+00 -3.9946565383e-01 
9.1800000000e+00 1.4215285162e+00 4.8497936979e-01 2.9916639680e+00 1.5701354518e+00 0.0000000000e+00 -3.9686603414e-01 
9.2200000000e+00 1.4158460621e+00 4.8471761538e-01 2.9918164516e+00 1.5759703895e+00 0.0000000000e+00 -3.9415620531e-01 
9.2600000000e+00 1.4102077426e+00 4.8443793286e-01 2.9919708368e+00 1.5817630942e+00 0.0000000000e+00 -3.9133541534e-01 
9.3000000000e+00 1.4046130195e+00 4.8414113084e-01 2.9921268052e+00 1.5875137857e+00 0.0000000000e+00 -3.8840297493e-01 
9.3400000000e+00 1.3990610730e+00 4.8382879479e-01 2.9922837114e+00 1.5932226384e+00 0.0000000000e+00 -3.8535826474e-01 
9.3800000000e+00 1.3935510774e+00 4.8350255518e-01 2.9924408781e+00 1.5988898007e+00 0.0000000000e+00 -3.8220071574e-01 
9.4200000000e+00 1.3880825012e+00 4.8316326260e-01 2.9925979345e+00 1.6045154332e+00 0.0000000000e+00 -3.7892977084e-01 
9.4600000000e+00 1.3826552496e+00 4.8281056572e-01 2.9927549946e+00 1.6100997450e+00 0.0000000000e+00 -3.7554484938e-01 
9.5000000000e+00 1.3772695594e+00 4.8244316391e-01 2.9929125630e+00 1.6156430036e+00 0.0000000000e+00 -3.7204533632e-01 
9.5400000000e+00 1.3719257124e+00 4.8205957941e-01 2.9930712266e+00 1.6211455142e+00 0.0000000000e+00 -3.6843060382e-01 
9.5800000000e+00 1.3666237534e+00 4.8165895076e-01 2.9932313321e+00 1.6266075787e+00 0.0000000000e+00 -3.6470005191e-01 
9.6200000000e+00 1.3613633902e+00 4.8124134987e-01 2.9933928520e+00 1.6320294617e+00 0.0000000000e+00 -3.6085314243e-01 
9.6600000000e+00 1.3561441133e+00 4.8080748450e-01 2.9935554976e+00 1.6374113843e+00 0.0000000000e+00 -3.5688940578e-01 
9.7000000000e+00 1.3509654142e+00 4.8035810084e-01 2.9937189582e+00 1.6427535440e+00 0.0000000000e+00 -3.5280842035e-01 
9.7400000000e+00 1.3458269212e+00 4.7989358588e-01 2.9938830648e+00 1.6480561436e+00 0.0000000000e+00 -3.4860978421e-01 
9.7800000000e+00 1.3407283667e+00 4.7941403185e-01 2.9940477711e+00 1.6533194045e+00 0.0000000000e+00 -3.4429310175e-01 
9.8200000000e+00 1.3356694621e+00 4.7891957380e-01 2.9942130199e+00 1.6585435578e+00 0.0000000000e+00 -3.3985799220e-01 
9.8600000000e+00 1.3306498428e+00 4.7841055719e-01 2.9943786722e+00 1.6637288294e+00 0.0000000000e+00 -3.3530410519e-01 
9.9000000000e+00 1.3256691627e+00 4.7788728652e-01 2.9945446003e+00 1.6688754376e+00 0.0000000000e+00 -3.3063112270e-01 
9.9400000000e+00 1.3207272529e+00 4.7734957713e-01 2.9947108636e+00 1.6739836107e+00 0.0000000000e+00 -3.2583874168e-01 
9.9800000000e+00 1.3158241633e+00 4.7679661476e-01 2.9948777697e+00 1.6790536064e+00 0.0000000000e+00 -3.2092665444e-01 
1.0020000000e+01 1.3109599970e+00 4.7622739898e-01 2.9950457064e+00 1.6840857094e+00 0.0000000000e+00 -3.1589455147e-01 
1.0060000000e+01 1.3061346516e+00 4.7564148498e-01 2.9952148517e+00 1.6890802001e+00 0.0000000000e+00 -3.1074215224e-01 
1.0100000000e+01 1.3013476851e+00 4.7503940060e-01 2.9953850034e+00 1.6940373182e+00 0.0000000000e+00 -3.0546924212e-01 
1.0140000000e+01 1.2965984225e+00 4.7442238758e-01 2.9955556729e+00 1.6989572504e+00 0.0000000000e+00 -3.0007568426e-01 
1.0180000000e+01 1.2918861843e+00 4.7379175875e-01 2.9957263366e+00 1.7038401524e+00 0.0000000000e+00 -2.9456139766e-01 
1.0220000000e+01 1.2872104160e+00 4.7314850146e-01 2.9958965982e+00 1.7086861821e+00 0.0000000000e+00 -2.8892632410e-01 
1.0260000000e+01 1.2825706354e+00 4.7249339706e-01 2.9960661489e+00 1.7134955136e+00 0.0000000000e+00 -2.8317041426e-01 
1.0300000000e+01 1.2779663489e+00 4.7182725082e-01 2.9962346767e+00 1.7182683277e+00 0.0000000000e+00 -2.7729363664e-01 
1.0340000000e+01 1.2733971493e+00 4.7115062934e-01 2.9964019578e+00 1.7230048085e+00 0.0000000000e+00 -2.7129598158e-01 
1.0380000000e+01 1.2688629815e+00 4.7046309237e-01 2.9965681501e+00 1.7277051686e+00 0.0000000000e+00 -2.6517743558e-01 
1.0420000000e+01 1.2643643166e+00 4.6976265117e-01 2.9967340080e+00 1.7323696913e+00 0.0000000000e+00 -2.5893793927e-01 
1.0460000000e+01 1.2599019744e+00 4.6904622578e-01 2.9969007184e+00 1.7369987440e+00 0.0000000000e+00 -2.5257737398e-01 
1.0500000000e+01 1.2554766605e+00 4.6831097231e-01 2.9970693926e+00 1.7415927322e+00 0.0000000000e+00 -2.4609560774e-01 
1.0540000000e+01 1.2510886507e+00 4.6755526499e-01 2.9972406678e+00 1.7461520172e+00 0.0000000000e+00 -2.3949257720e-01 
1.0580000000e+01 1.2467389576e+00 4.6677542293e-01 2.9974159034e+00 1.7506769458e+00 0.0000000000e+00 -2.3276825825e-01 
1.0620000000e+01 1.2424265052e+00 4.6597361357e-01 2.9975944556e+00 1.7551679504e+00 0.0000000000e+00 -2.2592256597e-01 
1.0660000000e+01 1.2381463072e+00 4.6516362193e-01 2.9977710162e+00 1.7596247090e+00 0.0000000000e+00 -2.1895619418e-01 
1.0700000000e+01 1.2338964001e+00 4.6435138954e-01 2.9979431494e+00 1.7640467493e+00 0.0000000000e+00 -2.1187001135e-01 
1.0740000000e+01 1.2296760947e+00 4.6353871086e-01 2.9981101360e+00 1.7684340413e+00 0.0000000000e+00 -2.0466446822e-01 
1.0780000000e+01 1.2254859336e+00 4.6272364435e-01 2.9982726922e+00 1.7727867586e+00 0.0000000000e+00 -1.9733983625e-01 
1.0820000000e+01 1.2213273354e+00 4.6190141191e-01 2.9984326370e+00 1.7771053016e+00 0.0000000000e+00 -1.8989618430e-01 
1.0860000000e+01 1.2172019478e+00 4.6106639129e-01 2.9985921467e+00 1.7813901990e+00 0.0000000000e+00 -1.8233347729e-01 
1.0900000000e+01 1.2131109935e+00 4.6021409379e-01 2.9987529800e+00 1.7856419865e+00 0.0000000000e+00 -1.7465169694e-01 
1.0940000000e+01 1.2090549515e+00 4.5934222115e-01 2.9989160523e+00 1.7898611008e+00 0.0000000000e+00 -1.6685094837e-01 
1.0980000000e+01 1.2050343362e+00 4.5844849438e-01 2.9990822039e+00 1.7940478677e+00 0.0000000000e+00 -1.5893147122e-01 
1.1020000000e+01 1.2010485585e+00 4.5753385230e-01 2.9992511944e+00 1.7982026359e+00 0.0000000000e+00 -1.5089350623e-01 
1.1060000000e+01 1.1970945583e+00 4.5660669425e-01 2.9994198309e+00 1.8023252726e+00 0.0000000000e+00 -1.4273779956e-01 
1.1100000000e+01 1.1931709112e+00 4.5567118766e-01 2.9995864296e+00 1.8064155185e+00 0.0000000000e+00 -1.3446524725e-01 
1.1140000000e+01 1.1892768714e+00 4.5472924004e-01 2.9997502372e+00 1.8104733658e+00 0.0000000000e+00 -1.2607651741e-01 
1.1180000000e+01 1.1854123855e+00 4.5378059418e-01 2.9999113147e+00 1.8144989291e+00 0.0000000000e+00 -1.1757217960e-01 
1.1220000000e+01 1.1815778685e+00 4.5282351360e-01 3.0000703139e+00 1.8184924455e+00 0.0000000000e+00 -1.0895270388e-01 
1.1260000000e+01 1.1777736888e+00 4.5185629302e-01 3.0002279023e+00 1.8224542135e+00 0.0000000000e+00 -1.0021852217e-01 
1.1300000000e+01 1.1739997997e+00 4.5087845396e-01 3.0003842966e+00 1.8263844969e+00 0.0000000000e+00 -9.1370124252e-02 
1.1340000000e+01 1.1702557722e+00 4.4989073922e-01 3.0005392446e+00 1.8302834723e+00 0.0000000000e+00 -8.2408110272e-02 
1.1380000000e+01 1.1665411754e+00 4.4889398487e-01 3.0006924335e+00 1.8341512581e+00 0.0000000000e+00 -7.3333161413e-02 
1.1420000000e+01 1.1628559333e+00 4.4788798586e-01 3.0008439251e+00 1.8379879917e+00 0.0000000000e+00 -6.4145962290e-02 
1.1460000000e+01 1.1592002653e+00 4.4687158782e-01 3.0009941446e+00 1.8417938793e+00 0.0000000000e+00 -5.4847151785e-02 
1.1500000000e+01 1.1555742151e+00 4.4584408415e-01 3.0011433722e+00 1.8455691571e+00 0.0000000000e+00 -4.5437361170e-02 
1.1540000000e+01 1.1519772425e+00 4.4480653467e-01 3.0012912368e+00 1.8493139942e+00 0.0000000000e+00 -3.5917310846e-02 
1.1580000000e+01 1.1484083634e+00 4.4376145901e-01 3.0014368032e+00 1.8530284397e+00 0.0000000000e+00 -2.6287863885e-02 
1.1620000000e+01 1.1448667864e+00 4.4271093951e-01 3.0015792697e+00 1.8567124833e+00 0.0000000000e+00 -1.6549964560e-02 
1.1660000000e+01 1.1413524300e+00 4.4165494553e-01 3.0017186164e+00 1.8603661864e+00 0.0000000000e+00 -6.7045075264e-03 
1.1700000000e+01 1.1378657685e+00 4.4059165262e-01 3.0018555206e+00 1.8639897520e+00 0.0000000000e+00 3.2477326089e-03 
1.1740000000e+01 1.1344071280e+00 4.3951954535e-01 3.0019905836e+00 1.8675834556e+00 0.0000000000e+00 1.3306031813e-02 
1.1780000000e+01 1.1309761259e+00 4.3843923949e-01 3.0021236236e+00 1.8711474977e+00 0.0000000000e+00 2.3469569827e-02 
1.1820000000e+01 1.1275718030e+00 4.3735323779e-01 3.0022537281e+00 1.8746819251e+00 0.0000000000e+00 3.3737351390e-02 
1.1860000000e+01 1.1241933015e+00 4.3626389599e-01 3.0023799999e+00 1.8781866984e+00 0.0000000000e+00 4.4108273736e-02 
1.1900000000e+01 1.1208404481e+00 4.3517152165e-01 3.0025022883e+00 1.8816618402e+00 0.0000000000e+00 5.4581275250e-02 
1.1940000000e+01 1.1175137480e+00 4.3407423432e-01 3.0026212763e+00 1.8851075283e+00 0.0000000000e+00 6.5155428705e-02 
1.1980000000e+01 1.1142138500e+00 4.3296956172e-01 3.0027379062e+00 1.8885240562e+00 0.0000000000e+00 7.5829901860e-02 
1.2020000000e+01 1.1109409410e+00 4.3185638086e-01 3.0028526435e+00 1.8919117025e+00 0.0000000000e+00 8.6603827288e-02 
1.2060000000e+01 1.1076945373e+00 4.3073569080e-01 3.0029651575e+00 1.8952706202e+00 0.0000000000e+00 9.7476191561e-02 
1.2100000000e+01 1.1044738476e+00 4.2960959971e-01 3.0030746776e+00 1.8986008301e+00 0.0000000000e+00 1.0844582893e-01 
1.2140000000e+01 1.1012784486e+00 4.2847920495e-01 3.0031807752e+00 1.9019023266e+00 0.0000000000e+00 1.1951152765e-01 
1.2180000000e+01 1.0981087023e+00 4.2734312293e-01 3.0032839237e+00 1.9051752214e+00 0.0000000000e+00 1.3067217321e-01 
1.2220000000e+01 1.0949654708e+00 4.2619826242e-01 3.0033852643e+00 1.9084197935e+00 0.0000000000e+00 1.4192679920e-01 
1.2260000000e+01 1.0918492943e+00 4.2504242073e-01 3.0034856714e+00 1.9116363771e+00 0.0000000000e+00 1.5327447468e-01 
1.2300000000e+01 1.0887598346e+00 4.2387609446e-01 3.0035850175e+00 1.9148251829e+00 0.0000000000e+00 1.6471412652e-01 
1.2340000000e+01 1.0856962956e+00 4.2270134261e-01 3.0036825399e+00 1.9179862442e+00 0.0000000000e+00 1.7624448523e-01 
1.2380000000e+01 1.0826584625e+00 4.2151871134e-01 3.0037780166e+00 1.9211195541e+00 0.0000000000e+00 1.8786422202e-01 
1.2420000000e+01 1.0796470636e+00 4.2032577668e-01 3.0038723207e+00 1.9242252571e+00 0.0000000000e+00 1.9957214150e-01 
1.2460000000e+01 1.0766628532e+00 4.1911957444e-01 3.0039665259e+00 1.9273036727e+00 0.0000000000e+00 2.1136720467e-01 
1.2500000000e+01 1.0737054990e+00 4.1790054339e-01 3.0040605580e+00 1.9303550590e+00 0.0000000000e+00 2.2324829326e-01 
1.2540000000e+01 1.0707737047e+00 4.1667270182e-01 3.0041530780e+00 1.9333793733e+00 0.0000000000e+00 2.3521397024e-01 
1.2580000000e+01 1.0678665379e+00 4.1543883123e-01 3.0042429524e+00 1.9363764144e+00 0.0000000000e+00 2.4726262236e-01 
1.2620000000e+01 1.0649845769e+00 4.1419664536e-01 3.0043308030e+00 1.9393462261e+00 0.0000000000e+00 2.5939286415e-01 
1.2660000000e+01 1.0621294046e+00 4.1294131230e-01 3.0044185781e+00 1.9422891735e+00 0.0000000000e+00 2.7160361424e-01 
1.2700000000e+01 1.0593014916e+00 4.1167123667e-01 3.0045070948e+00 1.9452056032e+00 0.0000000000e+00 2.8389375559e-01 
1.2740000000e+01 1.0564990796e+00 4.1039042751e-01 3.0045946615e+00 1.9480955819e+00 0.0000000000e+00 2.9626187479e-01 
1.2780000000e+01 1.0537202108e+00 4.0910492585e-01 3.0046790749e+00 1.9509588641e+00 0.0000000000e+00 3.0870622951e-01 
1.2820000000e+01 1.0509651912e+00 4.0781580374e-01 3.0047603010e+00 1.9537951098e+00 0.0000000000e+00 3.2122496696e-01 
1.2860000000e+01 1.0482357898e+00 4.0651674806e-01 3.0048402614e+00 1.9566044716e+00 0.0000000000e+00 3.3381671067e-01 
1.2900000000e+01 1.0455329243e+00 4.0520229996e-01 3.0049205855e+00 1.9593876612e+00 0.0000000000e+00 3.4648062761e-01 
1.2940000000e+01 1.0428558248e+00 4.0387626895e-01 3.0050007506e+00 1.9621449258e+00 0.0000000000e+00 3.5921540461e-01 
1.2980000000e+01 1.0402024588e+00 4.0254641659e-01 3.0050781589e+00 1.9648757001e+00 0.0000000000e+00 3.7201890087e-01 
1.3020000000e+01 1.0375715939e+00 4.0121422156e-01 3.0051512611e+00 1.9675796672e+00 0.0000000000e+00 3.8488920904e-01 
1.3060000000e+01 1.0349650475e+00 3.9987456641e-01 3.0052221406e+00 1.9702570931e+00 0.0000000000e+00 3.9782498946e-01 
1.3100000000e+01 1.0323852262e+00 3.9852194364e-01 3.0052935049e+00 1.9729082787e+00 0.0000000000e+00 4.1082492324e-01 
1.3140000000e+01 1.0298310777e+00 3.9715688575e-01 3.0053646423e+00 1.9755335646e+00 0.0000000000e+00 4.2388771683e-01 
1.3180000000e+01 1.0272999913e+00 3.9578754714e-01 3.0054328738e+00 1.9781328825e+00 0.0000000000e+00 4.3701165379e-01 
1.3220000000e+01 1.0247914259e+00 3.9441910919e-01 3.0054968516e+00 1.9807054257e+00 0.0000000000e+00 4.5019426528e-01 
1.3260000000e+01 1.0223065215e+00 3.9304506898e-01 3.0055576192e+00 1.9832510977e+00 0.0000000000e+00 4.6343377941e-01 
1.3300000000e+01 1.0198471712e+00 3.9165820506e-01 3.0056180223e+00 1.9857708510e+00 0.0000000000e+00 4.7672946012e-01 
1.3340000000e+01 1.0174144324e+00 3.9026115890e-01 3.0056791781e+00 1.9882647456e+00 0.0000000000e+00 4.9007966563e-01 
1.3380000000e+01 1.0150057767e+00 3.8885949174e-01 3.0057379441e+00 1.9907321674e+00 0.0000000000e+00 5.0348206752e-01 
1.3420000000e+01 1.0126183769e+00 3.8745550859e-01 3.0057915587e+00 1.9931731817e+00 0.0000000000e+00 5.1693500435e-01 
1.3460000000e+01 1.0102543432e+00 3.8605001474e-01 3.0058420798e+00 1.9955877367e+00 0.0000000000e+00 5.3043668535e-01 
1.3500000000e+01 1.0079169252e+00 3.8463909080e-01 3.0058921207e+00 1.9979751955e+00 0.0000000000e+00 5.4398472305e-01 
1.3540000000e+01 1.0056048193e+00 3.8321631133e-01 3.0059409962e+00 2.0003361769e+00 0.0000000000e+00 5.5757797361e-01 
1.3580000000e+01 1.0033164713e+00 3.8178440321e-01 3.0059879744e+00 2.0026715031e+00 0.0000000000e+00 5.7121548561e-01 
1.3620000000e+01 1.0010532007e+00 3.8035263151e-01 3.0060333450e+00 2.0049801443e+00 0.0000000000e+00 5.8489444462e-01 
1.3660000000e+01 9.9881446072e-01 3.7892152136e-01 3.0060753269e+00 2.0072608661e+00 0.0000000000e+00 5.9861182061e-01 
1.3700000000e+01 9.9659777695e-01 3.7748674587e-01 3.0061123023e+00 2.0095145253e+00 0.0000000000e+00 6.1236666438e-01 
1.3740000000e+01 9.9440507509e-01 3.7604933769e-01 3.0061466354e+00 2.0117415603e+00 0.0000000000e+00 6.2615759821e-01 
1.3780000000e+01 9.9224113670e-01 3.7460899308e-01 3.0061818172e+00 2.0139406805e+00 0.0000000000e+00 6.3998150542e-01 
1.3820000000e+01 9.9010526637e-01 3.7315680211e-01 3.0062172170e+00 2.0161119507e+00 0.0000000000e+00 6.5383661508e-01 
1.3860000000e+01 9.8799325642e-01 3.7169337508e-01 3.0062500398e+00 2.0182567834e+00 0.0000000000e+00 6.6772249481e-01 
1.3900000000e+01 9.8590552542e-01 3.7023961880e-01 3.0062795696e+00 2.0203740442e+00 0.0000000000e+00 6.8163615599e-01 
1.3940000000e+01 9.8384272131e-01 3.6880070156e-01 3.0063032335e+00 2.0224605122e+00 0.0000000000e+00 6.9557251512e-01 
1.3980000000e+01 9.8180408008e-01 3.6736012524e-01 3.0063213510e+00 2.0245172709e+00 0.0000000000e+00 7.0953078430e-01 
1.4020000000e+01 9.7979368855e-01 3.6590737675e-01 3.0063399845e+00 2.0265462959e+00 0.0000000000e+00 7.2351105979e-01 
1.4060000000e+01 9.7782082604e-01 3.6444103276e-01 3.0063668344e+00 2.0285460084e+00 0.0000000000e+00 7.3750987549e-01 
1.4100000000e+01 9.7587781565e-01 3.6297120011e-01 3.0063932797e+00 2.0305154641e+00 0.0000000000e+00 7.5152439244e-01 
1.4140000000e+01 9.7395150187e-01 3.6151922538e-01 3.0064058895e+00 2.0324543876e+00 0.0000000000e+00 7.6555243320e-01 
1.4180000000e+01 9.7204981924e-01 3.6009398704e-01 3.0064104619e+00 2.0343606426e+00 0.0000000000e+00 7.7958995229e-01 
1.4220000000e+01 9.7018591789e-01 3.5868046897e-01 3.0064169259e+00 2.0362310080e+00 0.0000000000e+00 7.9363181300e-01 
1.4260000000e+01 9.6836041575e-01 3.5724998549e-01 3.0064274315e+00 2.0380670157e+00 0.0000000000e+00 8.0767762531e-01 
1.4300000000e+01 9.6657368563e-01 3.5576785600e-01 3.0064464328e+00 2.0398727472e+00 0.0000000000e+00 8.2172954250e-01 
1.4340000000e+01 9.6481247804e-01 3.5432134990e-01 3.0064592476e+00 2.0416467696e+00 0.0000000000e+00 8.3578419796e-01 
1.4380000000e+01 9.6308305773e-01 3.5295274113e-01 3.0064585411e+00 2.0433754833e+00 0.0000000000e+00 8.4982605284e-01 
1.4420000000e+01 9.6139309041e-01 3.5160834397e-01 3.0064506295e+00 2.0450575390e+00 0.0000000000e+00 8.6385181341e-01 
1.4460000000e+01 9.5974223023e-01 3.5023388883e-01 3.0064414519e+00 2.0466992217e+00 0.0000000000e+00 8.7786581540e-01 
1.4500000000e+01 9.5815038427e-01 3.4879863278e-01 3.0064545639e+00 2.0483041796e+00 0.0000000000e+00 8.9186975343e-01 
1.4540000000e+01 9.5662284136e-01 3.4742261106e-01 3.0064830776e+00 2.0498602362e+00 0.0000000000e+00 9.0584949297e-01 
1.4580000000e+01 9.5513264504e-01 3.4616308767e-01 3.0064835332e+00 2.0513508882e+00 0.0000000000e+00 9.1978656879e-01 
1.4620000000e+01 9.5368630861e-01 3.4494560366e-01 3.0064597605e+00 2.0527734519e+00 0.0000000000e+00 9.3367633189e-01 
1.4660000000e+01 9.5229388976e-01 3.4368722142e-01 3.0064290810e+00 2.0541351912e+00 0.0000000000e+00 9.4752407745e-01 
1.4700000000e+01 9.5104332921e-01 3.4248398367e-01 3.0064637773e+00 2.0554204481e+00 0.0000000000e+00 9.6131217569e-01 
1.4740000000e+01 9.4992196192e-01 3.4132528615e-01 3.0065063656e+00 2.0565844037e+00 0.0000000000e+00 9.7499383344e-01 
1.4780000000e+01 9.4888229799e-01 3.4031005042e-01 3.0065265365e+00 2.0576442385e+00 0.0000000000e+00 9.8858425449e-01 
1.4820000000e+01 9.4801501598e-01 3.3945426133e-01 3.0065252062e+00 2.0585101902e+00 0.0000000000e+00 1.0019916978e+00 
1.4860000000e+01 9.4732203591e-01 3.3864484381e-01 3.0064813947e+00 2.0591593588e+00 0.0000000000e+00 1.0151912830e+00 
1.4900000000e+01 9.4713456889e-01 3.3830320610e-01 3.0065978430e+00 2.0594632741e+00 0.0000000000e+00 1.0280525578e+00 
1.4940000000e+01 9.4787974216e-01 3.3830182333e-01 3.0068152641e+00 2.0589355220e+00 0.0000000000e+00 1.0400871254e+00 
1.4980000000e+01 9.5049511489e-01 3.3935980473e-01 3.0071802451e+00 2.0566851302e+00 0.0000000000e+00 1.0504020298e+00 
1.5020000000e+01 9.5713429237e-01 3.4290907469e-01 3.0077795114e+00 2.0506452190e+00 0.0000000000e+00 1.0569284069e+00 
1.5060000000e+01 9.7354176843e-01 3.5126174131e-01 3.0090332917e+00 2.0354915233e+00 0.0000000000e+00 1.0543400072e+00 
1.5100000000e+01 1.0115123981e+00 3.6743519418e-01 3.0116461573e+00 2.0001337592e+00 0.0000000000e+00 1.0315445628e+00 
1.5140000000e+01 1.0853502043e+00 3.9390863436e-01 3.0146040696e+00 1.9292538653e+00 0.0000000000e+00 9.7322202851e-01 
1.5180000000e+01 1.1939514547e+00 4.2445361880e-01 3.0157154056e+00 1.8217639509e+00 0.0000000000e+00 8.7828253059e-01 
1.5220000000e+01 1.3129488473e+00 4.4769786005e-01 3.0169729184e+00 1.7040240711e+00 0.0000000000e+00 7.7308414230e-01 
1.5260000000e+01 1.4121035637e+00 4.6089573238e-01 3.0165187406e+00 1.6044151769e+00 0.0000000000e+00 6.8600583431e-01 
1.5300000000e+01 1.4835688687e+00 4.6658319169e-01 3.0156368586e+00 1.5320679899e+00 0.0000000000e+00 6.2617634936e-01 
1.5340000000e+01 1.5354938281e+00 4.6836703258e-01 3.0150868069e+00 1.4795929788e+00 0.0000000000e+00 5.8620417953e-01 
1.5380000000e+01 1.5764536464e+00 4.6831481150e-01 3.0148351942e+00 1.4383815477e+00 0.0000000000e+00 5.5747875453e-01 
1.5420000000e+01 1.6114977979e+00 4.6740374428e-01 3.0147371653e+00 1.4032393674e+00 0.0000000000e+00 5.3480377349e-01 
1.5460000000e+01 1.6431288206e+00 4.6607475109e-01 3.0147098262e+00 1.3715810056e+00 0.0000000000e+00 5.1559183537e-01 
1.5500000000e+01 1.6725562845e+00 4.6452770625e-01 3.0147175218e+00 1.3421612373e+00 0.0000000000e+00 4.9859574979e-01 
1.5540000000e+01 1.7003985255e+00 4.6285335037e-01 3.0147440651e+00 1.3143455396e+00 0.0000000000e+00 4.8317903207e-01 
1.5580000000e+01 1.7270060568e+00 4.6109605699e-01 3.0147812147e+00 1.2877751579e+00 0.0000000000e+00 4.6898096947e-01 
1.5620000000e+01 1.7526016590e+00 4.5928250361e-01 3.0148251007e+00 1.2622234417e+00 0.0000000000e+00 4.5577295796e-01 
1.5660000000e+01 1.7773403342e+00 4.5743129301e-01 3.0148740273e+00 1.2375336931e+00 0.0000000000e+00 4.4339635026e-01 
1.5700000000e+01 1.8013363930e+00 4.5555534587e-01 3.0149268959e+00 1.2135905028e+00 0.0000000000e+00 4.3173379287e-01 
1.5740000000e+01 1.8246775200e+00 4.5366343763e-01 3.0149826545e+00 1.1903051345e+00 0.0000000000e+00 4.2069461001e-01 
1.5780000000e+01 1.8474331125e+00 4.5176185652e-01 3.0150403633e+00 1.1676072508e+00 0.0000000000e+00 4.1020653060e-01 
1.5820000000e+01 1.8696594748e+00 4.4985551936e-01 3.0150993006e+00 1.1454398258e+00 0.0000000000e+00 4.0021060067e-01 
1.5860000000e+01 1.8914031384e+00 4.4794847480e-01 3.0151589541e+00 1.1237558156e+00 0.0000000000e+00 3.9065785433e-01 
1.5900000000e+01 1.9127031191e+00 4.4604416289e-01 3.0152189868e+00 1.1025158677e+00 0.0000000000e+00 3.8150702329e-01 
1.5940000000e+01 1.9335925467e+00 4.4414562522e-01 3.0152792285e+00 1.0816866818e+00 0.0000000000e+00 3.7272289829e-01 
1.5980000000e+01 1.9540998543e+00 4.4225563059e-01 3.0153396584e+00 1.0612398041e+00 0.0000000000e+00 3.6427512356e-01 
1.6020000000e+01 1.9742496328e+00 4.4037667814e-01 3.0154003539e+00 1.0411507211e+00 0.0000000000e+00 3.5613729074e-01 
1.6060000000e+01 1.9940632533e+00 4.3851092726e-01 3.0154614196e+00 1.0213981663e+00 0.0000000000e+00 3.4828624606e-01 
1.6100000000e+01 2.0135593451e+00 4.3666012864e-01 3.0155229241e+00 1.0019635790e+00 0.0000000000e+00 3.4070154939e-01 
1.6140000000e+01 2.0327541866e+00 4.3482559522e-01 3.0155848603e+00 9.8283067362e-01 0.0000000000e+00 3.3336504408e-01 
1.6180000000e+01 2.0516620337e+00 4.3300821554e-01 3.0156471286e+00 9.6398509488e-01 0.0000000000e+00 3.2626051194e-01 
1.6220000000e+01 2.0702954044e+00 4.3120850346e-01 3.0157095406e+00 9.4541413619e-01 0.0000000000e+00 3.1937339236e-01 
1.6260000000e+01 2.0886653335e+00 4.2942668164e-01 3.0157718413e+00 9.2710650780e-01 0.0000000000e+00 3.1269055057e-01 
1.6300000000e+01 2.1067816051e+00 4.2766279397e-01 3.0158337485e+00 9.0905214336e-01 0.0000000000e+00 3.0620008454e-01 
1.6340000000e+01 2.1246529546e+00 4.2591682598e-01 3.0158949976e+00 8.9124204295e-01 0.0000000000e+00 2.9989116828e-01 
1.6380000000e+01 2.1422872509e+00 4.2418880274e-01 3.0159553810e+00 8.7366813007e-01 0.0000000000e+00 2.9375390910e-01 
1.6420000000e+01 2.1596916090e+00 4.2247883756e-01 3.0160147636e+00 8.5632315454e-01 0.0000000000e+00 2.8777925085e-01 
1.6460000000e+01 2.1768725232e+00 4.2078712252e-01 3.0160730794e+00 8.3920055616e-01 0.0000000000e+00 2.8195883784e-01 
1.6500000000e+01 2.1938358881e+00 4.1911390921e-01 3.0161303145e+00 8.2229442636e-01 0.0000000000e+00 2.7628497673e-01 
1.6540000000e+01 2.2105870465e+00 4.1745950211e-01 3.0161865019e+00 8.0559945543e-01 0.0000000000e+00 2.7075058412e-01 
1.6580000000e+01 2.2271308993e+00 4.1582428718e-01 3.0162417367e+00 7.8911083737e-01 0.0000000000e+00 2.6534909162e-01 
1.6620000000e+01 2.2434719867e+00 4.1420877306e-01 3.0162961930e+00 7.7282420633e-01 0.0000000000e+00 2.6007438259e-01 
1.6660000000e+01 2.2596145203e+00 4.1261357835e-01 3.0163501165e+00 7.5673559623e-01 0.0000000000e+00 2.5492075206e-01 
1.6700000000e+01 2.2755623649e+00 4.1103932720e-01 3.0164037731e+00 7.4084140814e-01 0.0000000000e+00 2.4988287430e-01 
1.6740000000e+01 2.2913189781e+00 4.0948647502e-01 3.0164573636e+00 7.2513838556e-01 0.0000000000e+00 2.4495577852e-01 
1.6780000000e+01 2.3068873615e+00 4.0795513461e-01 3.0165109396e+00 7.0962357804e-01 0.0000000000e+00 2.4013481259e-01 
1.6820000000e+01 2.3222700541e+00 4.0644500256e-01 3.0165643635e+00 6.9429430943e-01 0.0000000000e+00 2.3541561170e-01 
1.6860000000e+01 2.3374691841e+00 4.0495546723e-01 3.0166173556e+00 6.7914817146e-01 0.0000000000e+00 2.3079409211e-01 
1.6900000000e+01 2.3524866398e+00 4.0348588468e-01 3.0166696248e+00 6.6418298501e-01 0.0000000000e+00 2.2626641275e-01 
1.6940000000e+01 2.3673242550e+00 4.0203587375e-01 3.0167210118e+00 6.4939675685e-01 0.0000000000e+00 2.2182893220e-01 
1.6980000000e+01 2.3819838291e+00 4.0060539338e-01 3.0167715231e+00 6.3478769401e-01 0.0000000000e+00 2.1747822327e-01 
1.7020000000e+01 2.3964670856e+00 3.9919454229e-01 3.0168212401e+00 6.2035415448e-01 0.0000000000e+00 2.1321102407e-01 
1.7060000000e+01 2.4107755578e+00 3.9780339847e-01 3.0168702362e+00 6.0609467834e-01 0.0000000000e+00 2.0902426927e-01 
1.7100000000e+01 2.4249107333e+00 3.9643217393e-01 3.0169186592e+00 5.9200792599e-01 0.0000000000e+00 2.0491502868e-01 
1.7140000000e+01 2.4388741640e+00 3.9508146898e-01 3.0169668532e+00 5.7809268918e-01 0.0000000000e+00 2.0088051851e-01 
1.7180000000e+01 2.4526673431e+00 3.9375201999e-01 3.0170152333e+00 5.6434789027e-01 0.0000000000e+00 1.9691810079e-01 
1.7220000000e+01 2.4662913420e+00 3.9244391358e-01 3.0170639014e+00 5.5077255942e-01 0.0000000000e+00 1.9302526098e-01 
1.7260000000e+01 2.4797465371e+00 3.9115609310e-01 3.0171123928e+00 5.3736585570e-01 0.0000000000e+00 1.8919962914e-01 
1.7300000000e+01 2.4930328304e+00 3.8988674181e-01 3.0171598632e+00 5.2412703277e-01 0.0000000000e+00 1.8543894596e-01 
1.7340000000e+01 2.5061500044e+00 3.8863402973e-01 3.0172054568e+00 5.1105545244e-01 0.0000000000e+00 1.8174107657e-01 
1.7380000000e+01 2.5190978546e+00 3.8739631364e-01 3.0172483985e+00 4.9815054392e-01 0.0000000000e+00 1.7810396995e-01 
1.7420000000e+01 2.5318760643e+00 3.8617189659e-01 3.0172878793e+00 4.8541181499e-01 0.0000000000e+00 1.7452567038e-01 
1.7460000000e+01 2.5444844250e+00 3.8495940241e-01 3.0173232506e+00 4.7283882567e-01 0.0000000000e+00 1.7100429135e-01 
1.7500000000e+01 2.5569235578e+00 3.8375919988e-01 3.0173547318e+00 4.6043117396e-01 0.0000000000e+00 1.6753800151e-01 
1.7540000000e+01 2.5691954639e+00 3.8257445587e-01 3.0173839790e+00 4.4818851515e-01 0.0000000000e+00 1.6412504419e-01 
1.7580000000e+01 2.5813032171e+00 3.8141035688e-01 3.0174136809e+00 4.3611046381e-01 0.0000000000e+00 1.6076363966e-01 
1.7620000000e+01 2.5932492714e+00 3.8027107531e-01 3.0174460035e+00 4.2419673209e-01 0.0000000000e+00 1.5745212361e-01 
1.7660000000e+01 2.6050358474e+00 3.7916020510e-01 3.0174829124e+00 4.1244706501e-01 0.0000000000e+00 1.5418888266e-01 
1.7700000000e+01 2.6166692784e+00 3.7808943063e-01 3.0175304817e+00 4.0086120321e-01 0.0000000000e+00 1.5097231735e-01 
1.7740000000e+01 2.6281513229e+00 3.7706141899e-01 3.0175902052e+00 3.8943888237e-01 0.0000000000e+00 1.4780084176e-01 
1.7780000000e+01 2.6394449891e+00 3.7600561664e-01 3.0176257865e+00 3.7818079743e-01 0.0000000000e+00 1.4467384792e-01 
1.7820000000e+01 2.6505293232e+00 3.7488258694e-01 3.0176170335e+00 3.6708771026e-01 0.0000000000e+00 1.4159081371e-01 
1.7860000000e+01 2.6614027936e+00 3.7368980494e-01 3.0175625257e+00 3.5615973206e-01 0.0000000000e+00 1.3855058543e-01 
1.7900000000e+01 2.6720838718e+00 3.7246253067e-01 3.0174803258e+00 3.4539645401e-01 0.0000000000e+00 1.3555150871e-01 
1.7940000000e+01 2.6825901264e+00 3.7123396467e-01 3.0173874144e+00 3.3479728798e-01 0.0000000000e+00 1.3259176937e-01 
1.7980000000e+01 2.6929153982e+00 3.6999261678e-01 3.0172776800e+00 3.2436228178e-01 0.0000000000e+00 1.2967020885e-01 
1.8020000000e+01 2.7030549643e+00 3.6872977555e-01 3.0171466253e+00 3.1409166099e-01 0.0000000000e+00 1.2678586628e-01 
1.8060000000e+01 2.7130069404e+00 3.6744217507e-01 3.0169925162e+00 3.0398557579e-01 0.0000000000e+00 1.2393772545e-01 
1.8100000000e+01 2.7227712713e+00 3.6612997329e-01 3.0168153979e+00 2.9404412654e-01 0.0000000000e+00 1.2112474062e-01 
1.8140000000e+01 2.7323493050e+00 3.6479595919e-01 3.0166166933e+00 2.8426738831e-01 0.0000000000e+00 1.1834586118e-01 
1.8180000000e+01 2.7417430234e+00 3.6344414442e-01 3.0163984527e+00 2.7465542930e-01 0.0000000000e+00 1.1560005029e-01 
1.8220000000e+01 2.7509545856e+00 3.6207877035e-01 3.0161629081e+00 2.6520832252e-01 0.0000000000e+00 1.1288629673e-01 
1.8260000000e+01 2.7599892989e+00 3.6071002469e-01 3.0159154088e+00 2.5592610991e-01 0.0000000000e+00 1.1020357914e-01 
1.8300000000e+01 2.7688734564e+00 3.5938685656e-01 3.0156818946e+00 2.4680843824e-01 0.0000000000e+00 1.0755050218e-01 
1.8340000000e+01 2.7776156394e+00 3.5812516121e-01 3.0154707496e+00 2.3785511015e-01 0.0000000000e+00 1.0492584764e-01 
1.8380000000e+01 2.7862167647e+00 3.5692651144e-01 3.0152830244e+00 2.2906625975e-01 0.0000000000e+00 1.0232875026e-01 
1.8420000000e+01 2.7946779873e+00 3.5579293101e-01 3.0151200238e+00 2.2044203649e-01 0.0000000000e+00 9.9758381739e-02 
1.8460000000e+01 2.8030002824e+00 3.5472610272e-01 3.0149828734e+00 2.1198259105e-01 0.0000000000e+00 9.7213936783e-02 
1.8500000000e+01 2.8111838522e+00 3.5372630158e-01 3.0148719381e+00 2.0368808593e-01 0.0000000000e+00 9.4694643850e-02 
1.8540000000e+01 2.8192274679e+00 3.5279114140e-01 3.0147861787e+00 1.9555871084e-01 0.0000000000e+00 9.2199780685e-02 
1.8580000000e+01 2.8271278524e+00 3.5191452453e-01 3.0147225460e+00 1.8759469353e-01 0.0000000000e+00 8.9728685265e-02 
1.8620000000e+01 2.8348787370e+00 3.5108488729e-01 3.0146750484e+00 1.7979631142e-01 0.0000000000e+00 8.7280767620e-02 
1.8660000000e+01 2.8424803560e+00 3.5030264220e-01 3.0146441297e+00 1.7216377371e-01 0.0000000000e+00 8.4855392054e-02 
1.8700000000e+01 2.8499506306e+00 3.4960068374e-01 3.0146475654e+00 1.6469693482e-01 0.0000000000e+00 8.2451590705e-02 
1.8740000000e+01 2.8573005486e+00 3.4899895260e-01 3.0146962159e+00 1.5739566731e-01 0.0000000000e+00 8.0068436642e-02 
1.8780000000e+01 2.8645265954e+00 3.4849086299e-01 3.0147867182e+00 1.5026012280e-01 0.0000000000e+00 7.7705304840e-02 
1.8820000000e+01 2.8716099923e+00 3.4804187522e-01 3.0149007258e+00 1.4329073350e-01 0.0000000000e+00 7.5361873890e-02 
1.8860000000e+01 2.8785131264e+00 3.4758334945e-01 3.0150014754e+00 1.3648834896e-01 0.0000000000e+00 7.3038262856e-02 
1.8900000000e+01 2.8852371382e+00 3.4711751953e-01 3.0150903959e+00 1.2985325766e-01 0.0000000000e+00 7.0734052969e-02 
1.8940000000e+01 2.8917869627e+00 3.4665355086e-01 3.0151723916e+00 1.2338542884e-01 0.0000000000e+00 6.8448529572e-02 
1.8980000000e+01 2.8981649995e+00 3.4619592558e-01 3.0152498793e+00 1.1708487981e-01 0.0000000000e+00 6.6181049533e-02 
1.9020000000e+01 2.9043725807e+00 3.4574714197e-01 3.0153242262e+00 1.1095164548e-01 0.0000000000e+00 6.3931010893e-02 
1.9060000000e+01 2.9104105606e+00 3.4530879768e-01 3.0153963228e+00 1.0498576218e-01 0.0000000000e+00 6.1697836795e-02 
1.9100000000e+01 2.9162795618e+00 3.4488204064e-01 3.0154668225e+00 9.9187260702e-02 0.0000000000e+00 5.9480968574e-02 
1.9140000000e+01 2.9219800825e+00 3.4446776594e-01 3.0155362454e+00 9.3556162883e-02 0.0000000000e+00 5.7279862500e-02 
1.9180000000e+01 2.9275125451e+00 3.4406670445e-01 3.0156050250e+00 8.8092479861e-02 0.0000000000e+00 5.5093988070e-02 
1.9220000000e+01 2.9328773177e+00 3.4367946186e-01 3.0156735287e+00 8.2796210977e-02 0.0000000000e+00 5.2922827022e-02 
1.9260000000e+01 2.9380747228e+00 3.4330653487e-01 3.0157420658e+00 7.7667343047e-02 0.0000000000e+00 5.0765872680e-02 
1.9300000000e+01 2.9431050416e+00 3.4294831855e-01 3.0158108914e+00 7.2705849788e-02 0.0000000000e+00 4.8622629463e-02 
1.9340000000e+01 2.9479685172e+00 3.4260511214e-01 3.0158802085e+00 6.7911691291e-02 0.0000000000e+00 4.6492612426e-02 
1.9380000000e+01 2.9526653590e+00 3.4227712653e-01 3.0159501725e+00 6.3284813508e-02 0.0000000000e+00 4.4375346822e-02 
1.9420000000e+01 2.9571957481e+00 3.4196449432e-01 3.0160208958e+00 5.8825147737e-02 0.0000000000e+00 4.2270367655e-02 
1.9460000000e+01 2.9615598443e+00 3.4166728180e-01 3.0160924544e+00 5.4532610102e-02 0.0000000000e+00 4.0177219214e-02 
1.9500000000e+01 2.9657577935e+00 3.4138550201e-01 3.0161648945e+00 5.0407101040e-02 0.0000000000e+00 3.8095454627e-02 
1.9540000000e+01 2.9697897353e+00 3.4111912783e-01 3.0162382401e+00 4.6448504800e-02 0.0000000000e+00 3.6024635414e-02 
1.9580000000e+01 2.9736558098e+00 3.4086810418e-01 3.0163124988e+00 4.2656688994e-02 0.0000000000e+00 3.3964331082e-02 
1.9620000000e+01 2.9773561643e+00 3.4063235876e-01 3.0163876684e+00 3.9031504117e-02 0.0000000000e+00 3.1914118702e-02 
1.9660000000e+01 2.9808909580e+00 3.4041181134e-01 3.0164637413e+00 3.5572783280e-02 0.0000000000e+00 2.9873582680e-02 
1.9700000000e+01 2.9842603669e+00 3.4020638014e-01 3.0165407084e+00 3.2280341472e-02 0.0000000000e+00 2.7842314055e-02 
1.9740000000e+01 2.9874645866e+00 3.4001598899e-01 3.0166185629e+00 2.9153976341e-02 0.0000000000e+00 2.5819911322e-02 
1.9780000000e+01 2.9905038348e+00 3.3984056519e-01 3.0166972994e+00 2.6193464599e-02 0.0000000000e+00 2.3805976865e-02 
1.9820000000e+01 2.9933783514e+00 3.3968005742e-01 3.0167769229e+00 2.3398571438e-02 0.0000000000e+00 2.1800126399e-02 
1.9860000000e+01 2.9960884030e+00 3.3953438834e-01 3.0168574239e+00 2.0769020991e-02 0.0000000000e+00 1.9801959459e-02 
1.9900000000e+01 2.9986342715e+00 3.3940360186e-01 3.0169388521e+00 1.8304580596e-02 0.0000000000e+00 1.7811143680e-02 
1.9940000000e+01 3.0010162805e+00 3.3928742356e-01 3.0170210779e+00 1.6004797423e-02 0.0000000000e+00 1.5827151441e-02 
1.9980000000e+01 3.0032206707e+00 3.3922570789e-01 3.0171238515e+00 1.3903180743e-02 0.0000000000e+00 1.3883442147e-02 
